          GO-O  GO-O-SV GO-O-DV GO-O-SW
   0       0       0       0       0
 0.0375    0       0       0       0
 0.1125    0       0       0       0
 0.1875    0       0       0       0
 0.2625    0       0       0       0
 0.3375    0       0       0       0
 0.4125    0       0       0       0
 0.4875    0       0       0       0
 0.5625    0       0       0       0
 0.6375    0       0       0       0
 0.7125    0       0       0       0
 0.7875    0       0       0       0
 0.8625    0       0       0       0
 0.9375    0       0       0       0
 1.0125    0       0       0       0
 1.0875    0       0       0       0
 1.1625    0       0       0       0
 1.2375    0       0       0       0
 1.3125    0       0       0       0
 1.3875    0       0       0       0
 1.4625    0       0       0       0
 1.5375    0       0       0       0
 1.6125    0       0       0       0
 1.6875    0       0       0       0
 1.7625    0       0       0       0
 1.8375    0       0       0       0
 1.9125    0       0       0       0
 1.9875    0       0       0       0
 2.0625 3.73E-050.000114   0    7.5E-05
 2.1375 0.00274 0.00451 0.00299 0.00307
 2.2125 0.04842 0.07081 0.04986 0.05095
 2.2875 0.25264 0.30474 0.21231  0.2594
 2.3625 0.58512 0.62619 0.44312 0.58329
 2.4375 0.86169 0.79724 0.59219 0.81406
 2.5125 0.92684  0.7831 0.61057 0.86219
 2.5875 0.81692 0.68141 0.57983 0.75996
 2.6625 0.65093 0.54943 0.51439 0.63422
 2.7375 0.50104 0.45209 0.44973 0.51267
 2.8125 0.39735 0.38667 0.39714 0.42613
 2.8875  0.3344 0.35738 0.36139  0.3675
 2.9625 0.30328 0.33183 0.33698 0.33613
 3.0375 0.27941 0.32151 0.33454 0.31278
 3.1125 0.27115 0.31769 0.33445 0.30209
 3.1875 0.25521 0.31603 0.33728  0.2847
 3.2625  0.2498 0.31561 0.34272 0.27715
 3.3375 0.26091 0.32311 0.32714 0.27151
 3.4125  0.275  0.32194 0.31381 0.26183
 3.4875 0.28352 0.32065 0.29512 0.24968
 3.5625 0.29813  0.3132 0.27736 0.25262
 3.6375 0.30489 0.31607 0.26893 0.25592
 3.7125 0.30334 0.32024 0.26598 0.26794
 3.7875 0.30725 0.32336 0.27588 0.28885
 3.8625 0.30061 0.32646 0.29196  0.316
 3.9375 0.29687  0.3238 0.31828 0.34283
 4.0125 0.29461  0.3194  0.3406 0.37101
 4.0875 0.28858  0.3096 0.36094 0.39732
 4.1625  0.2824  0.2934 0.37186 0.41642
 4.2375  0.2874 0.28378  0.3882 0.43079
 4.3125 0.29316 0.28731 0.40583 0.44088
 4.3875 0.30284  0.2929 0.42206 0.44522
 4.4625 0.32165 0.31151 0.44234 0.45643
 4.5375  0.3409  0.3371 0.45556 0.45706
 4.6125 0.35991 0.36541 0.47487 0.45425
 4.6875 0.37514 0.39664 0.49273 0.45697
 4.7625 0.39107 0.43556 0.49662 0.45866
 4.8375 0.40161 0.46264 0.50339 0.46975
 4.9125 0.41478 0.48645 0.50921 0.48433
 4.9875 0.43191 0.50421 0.51116  0.5074
 5.0625 0.46442  0.5133 0.51349 0.52769
 5.1375 0.48812 0.51435 0.51662 0.54436
 5.2125 0.50873 0.51051 0.52426 0.55046
 5.2875 0.52512 0.50651 0.53763 0.55046
 5.3625 0.53283 0.50815 0.55618 0.54674
 5.4375 0.55314 0.51067 0.57734 0.54168
 5.5125 0.56415 0.52502 0.60186 0.54308
 5.5875  0.5821 0.53927 0.62427  0.5531
 5.6625 0.59728 0.55395 0.63801 0.57104
 5.7375 0.61261 0.57353 0.65279  0.5826
 5.8125 0.62054 0.58611 0.66762 0.59033
 5.8875 0.62822 0.60383 0.67988 0.60279
 5.9625 0.63083 0.61863 0.68756 0.61064
 6.0375 0.63484  0.6355 0.68821 0.62249
 6.1125 0.63586 0.64926 0.68466 0.63691
 6.1875 0.64464 0.65668 0.67721 0.64821
 6.2625 0.64941 0.66622  0.6709 0.66235
 6.3375 0.65364  0.6679 0.66709 0.67102
 6.4125 0.66123 0.68034 0.66663 0.68197
 6.4875 0.66876 0.68803 0.67391 0.69035
 6.5625 0.68206 0.68942  0.684  0.69646
 6.6375 0.68871 0.69024 0.68453 0.69496
 6.7125 0.69542 0.68293 0.68764 0.69545
 6.7875 0.69877  0.6779 0.68559 0.69383
 6.8625 0.69792 0.67225 0.67494 0.68795
 6.9375  0.6909 0.67157 0.67019 0.67721
 7.0125 0.68263 0.67904 0.66676 0.66983
 7.0875 0.67331 0.68609 0.67457 0.66556
 7.1625 0.67012 0.69514  0.6882 0.66815
 7.2375 0.67359  0.7117 0.70303 0.67536
 7.3125  0.6786 0.72341 0.72549 0.68528
 7.3875 0.68872 0.73496 0.74868 0.69269
 7.4625 0.69923 0.73922 0.76702 0.70174
 7.5375 0.70757 0.73412 0.78099 0.70892
 7.6125 0.71408 0.72227 0.78707 0.71623
 7.6875 0.72236 0.71138 0.78774  0.727
 7.7625 0.72691 0.69831 0.78435  0.7393
 7.8375 0.73569 0.69822  0.7727 0.75218
 7.9125 0.74713 0.70076 0.76428 0.75883
 7.9875 0.75734 0.70153 0.75644 0.76446
 8.0625 0.77716 0.70842 0.75076 0.76866
 8.1375 0.78405 0.70957 0.74647 0.76417
 8.2125 0.79388 0.71424 0.74649 0.76535
 8.2875 0.79612 0.71995 0.74947 0.76324
 8.3625 0.79481 0.73221  0.7553  0.7598
 8.4375 0.79666 0.74165 0.76062 0.75951
 8.5125 0.79306 0.74659 0.76308 0.75942
 8.5875 0.79273 0.75252 0.77132 0.75508
 8.6625 0.78935 0.74938 0.77788 0.74979
 8.7375 0.78531 0.74516 0.78633 0.74808
 8.8125 0.77715 0.73536 0.79127 0.73995
 8.8875 0.77128 0.73105 0.79552 0.73039
 8.9625 0.76155 0.72847 0.78933 0.71888
 9.0375 0.75696 0.72857 0.78736 0.70892
 9.1125 0.75125 0.73167 0.77662 0.70209
 9.1875  0.7501 0.73981 0.77194 0.70613
 9.2625 0.74536 0.75254 0.76456 0.71748
 9.3375 0.74775 0.76549 0.76314 0.73258
 9.4125  0.7475 0.77883 0.76457 0.74712
 9.4875 0.74947 0.79538 0.77388 0.76561
 9.5625 0.74887 0.80538 0.78345 0.78062
 9.6375 0.74757  0.8101  0.7869 0.79458
 9.7125 0.75023  0.8068 0.79387  0.8103
 9.7875 0.75571 0.79944 0.79563 0.82194
 9.8625 0.76371  0.7979 0.79744 0.83324
 9.9375 0.77733 0.79329 0.80345 0.83721
10.0125 0.79018  0.7958 0.80914 0.83909
10.0875 0.80587 0.79303 0.81624 0.83733
10.1625 0.81859 0.79349 0.82311 0.83572
10.2375 0.83333  0.7887 0.83087  0.8331
10.3125 0.84041 0.78735 0.84221  0.8257
10.3875 0.84366 0.79235 0.85179 0.81966
10.4625 0.84801 0.80142 0.85706 0.81109
10.5375  0.8449 0.81152 0.86002 0.80188
10.6125 0.84321 0.82079 0.85753 0.79887
10.6875 0.84122  0.8295 0.85346  0.7986
10.7625 0.84176 0.83428 0.84283 0.80517
10.8375 0.84206 0.83957 0.83376 0.81701
10.9125 0.84136 0.84441 0.82698 0.82764
10.9875 0.84154 0.84484 0.81806 0.83368
11.0625 0.83697  0.8492 0.81673 0.83559
11.1375  0.8327 0.84927 0.81651 0.83381
11.2125 0.83062 0.85358  0.8163 0.83143
11.2875 0.82957 0.85599 0.81721 0.82389
11.3625 0.83087 0.85864 0.82198 0.82011
11.4375 0.83505 0.85567 0.82924 0.81571
11.5125 0.83944 0.84911 0.83657 0.82169
11.5875 0.84312  0.8426 0.84747 0.82674
11.6625  0.8445  0.8381 0.85565 0.83876
11.7375 0.84634 0.83369 0.85902 0.84941
11.8125 0.84451 0.83088 0.86167 0.85938
11.8875 0.84295 0.83428  0.8623 0.86847
11.9625 0.84567 0.83774 0.86351 0.87658
12.0375 0.84582 0.83524 0.86602 0.87745
12.1125 0.84887 0.83802 0.86959  0.8741
12.1875 0.85343 0.83769 0.87602 0.86724
12.2625  0.8588 0.83837 0.88197 0.86447
12.3375 0.86268 0.84251 0.88958 0.86013
12.4125 0.86438 0.84848  0.8934 0.85616
12.4875  0.8661 0.85343 0.89239 0.85683
12.5625 0.86646  0.8596 0.88827 0.85825
12.6375   0.87  0.86504 0.88473 0.85796
12.7125 0.87136 0.87034 0.87909 0.85524
12.7875  0.8745  0.8753 0.87478 0.85289
12.8625 0.87923 0.88352 0.87637 0.85251
12.9375 0.88266 0.88978 0.87887 0.85184
13.0125 0.89143 0.89522 0.88412 0.85094
13.0875 0.89655 0.89815 0.88714 0.85283
13.1625 0.90371  0.9013 0.89206  0.8548
13.2375 0.91439 0.90105  0.8924 0.85755
13.3125 0.92276 0.90117 0.89457 0.86006
13.3875 0.93068 0.89922 0.89629 0.86449
13.4625 0.93157 0.90003 0.89138 0.87142
13.5375 0.93177 0.89996 0.89007 0.87642
13.6125 0.92703 0.90363 0.88113 0.88247
13.6875 0.91918 0.90424 0.87602 0.88342
13.7625 0.90762 0.90484  0.8715 0.88622
13.8375  0.8984 0.90444 0.87135  0.8887
13.9125 0.88794 0.90304 0.87662 0.89124
13.9875 0.88204 0.90249 0.88612 0.89646
14.0625 0.87741 0.90254 0.89418 0.89894
14.1375 0.87444 0.90196 0.89833 0.90156
14.2125 0.87379  0.9014  0.9003 0.90278
14.2875 0.87494  0.9044 0.89835 0.90467
14.3625 0.87901 0.90621  0.8961 0.90378
14.4375 0.88305 0.90524  0.8944 0.90602
14.5125 0.89213 0.90501 0.89194 0.90912
14.5875 0.89977 0.90165 0.89146 0.91099
14.6625 0.90404 0.90205 0.88725 0.91272
14.7375 0.90338 0.89975 0.88498 0.91151
14.8125 0.90692   0.9   0.88208 0.91312
14.8875 0.90507 0.90161 0.88615 0.91532
14.9625 0.90567 0.90401 0.89182  0.9146
