         GO-OH  GO-OH-SV GO-OH-DV GO-OH-SW
   0       0       0       0       0
 0.0375    0       0       0       0
 0.1125    0       0       0       0
 0.1875    0       0       0       0
 0.2625    0       0       0       0
 0.3375    0       0       0       0
 0.4125    0       0       0       0
 0.4875    0       0       0       0
 0.5625    0       0       0       0
 0.6375    0       0       0       0
 0.7125    0       0       0       0
 0.7875    0       0       0       0
 0.8625    0       0       0       0
 0.9375    0       0       0       0
 1.0125    0       0       0       0
 1.0875    0       0       0       0
 1.1625    0       0       0       0
 1.2375    0       0       0       0
 1.3125    0       0       0       0
 1.3875    0       0       0       0
 1.4625    0       0       0       0
 1.5375    0       0       0       0
 1.6125    0       0       0       0
 1.6875    0       0       0       0
 1.7625    0       0       0       0
 1.8375    0       0       0       0
 1.9125    0       0       0       0
 1.9875    0       0       0       0
 2.0625 3.71E-050.0008010.0003410.000333
 2.1375  0.0037 0.02268 0.01337  0.0113
 2.2125 0.05489 0.16034 0.13164 0.14581
 2.2875  0.262  0.46876 0.44352 0.56314
 2.3625 0.58525 0.80302 0.80036 1.01573
 2.4375 0.82744 0.97333 0.99627 1.20583
 2.5125 0.87148 0.93259 0.99215 1.15157
 2.5875 0.80194  0.8057 0.87116 1.00202
 2.6625 0.68948 0.67072 0.73146 0.87087
 2.7375 0.59186 0.56934 0.62658 0.73502
 2.8125 0.49994 0.49878 0.55026 0.62481
 2.8875  0.4247 0.44104 0.48991 0.52215
 2.9625 0.36526 0.39491 0.44017 0.45466
 3.0375 0.32441  0.3586 0.39205 0.39592
 3.1125 0.29274 0.32343 0.35154 0.35806
 3.1875 0.28827 0.29569  0.3266 0.33387
 3.2625 0.28804 0.27864 0.32234  0.3212
 3.3375 0.29382  0.2693  0.3255 0.31304
 3.4125 0.31011 0.26253 0.33311 0.31074
 3.4875 0.33072 0.26286 0.34052 0.31245
 3.5625  0.3481 0.26889 0.34444 0.32576
 3.6375 0.36905 0.29303 0.33924 0.33509
 3.7125 0.38516 0.31439 0.33693 0.34682
 3.7875 0.39503 0.35024 0.33075 0.35353
 3.8625  0.3946 0.37724 0.33511 0.35976
 3.9375 0.38971 0.40154  0.3447 0.36771
 4.0125 0.38307 0.41152 0.35426 0.38312
 4.0875 0.39703 0.41933 0.37075 0.38931
 4.1625 0.41976 0.43629 0.40057 0.40399
 4.2375 0.45336  0.4535 0.42914 0.41467
 4.3125 0.48672  0.4676 0.45738 0.42691
 4.3875 0.51013 0.47127 0.47872  0.4319
 4.4625 0.52526 0.46977 0.49602 0.43832
 4.5375 0.53142  0.4747 0.49695 0.45143
 4.6125 0.52653 0.48113 0.48881 0.46615
 4.6875 0.51877  0.4982 0.47439 0.48471
 4.7625 0.51248 0.51064 0.45327  0.5054
 4.8375 0.50719 0.52557 0.44502 0.51633
 4.9125 0.51322 0.53742 0.44333 0.51617
 4.9875 0.52619 0.54573 0.45186 0.50286
 5.0625 0.54743 0.55404 0.47006 0.48194
 5.1375 0.56036 0.54592 0.49235 0.46123
 5.2125 0.55865 0.53201 0.51577 0.44239
 5.2875 0.54812 0.51701 0.53711 0.44201
 5.3625 0.54055 0.50546 0.55456 0.45465
 5.4375 0.53768 0.50513 0.57583 0.46915
 5.5125 0.54809 0.51744 0.59182 0.49506
 5.5875 0.56363 0.53861 0.60558 0.52022
 5.6625 0.58659 0.56098 0.60982 0.54081
 5.7375 0.60917 0.58223 0.61083 0.56425
 5.8125 0.62717 0.59814 0.60671 0.58495
 5.8875 0.63577 0.61192 0.60361 0.61139
 5.9625  0.6326 0.62135 0.60017 0.64624
 6.0375 0.62626 0.62503 0.60064 0.67948
 6.1125 0.61844 0.62496 0.59938 0.70929
 6.1875 0.60961 0.62914 0.60855 0.73393
 6.2625  0.6064 0.63311 0.61747 0.74844
 6.3375 0.60906 0.63455  0.6328 0.75777
 6.4125 0.61072 0.64477 0.65202 0.75522
 6.4875 0.62247 0.65312 0.68018 0.75148
 6.5625 0.63602 0.66021 0.70753  0.7414
 6.6375 0.64902 0.66281 0.72127 0.72053
 6.7125 0.67288 0.66766 0.72394 0.70163
 6.7875 0.69382 0.67494 0.71867 0.68596
 6.8625 0.70682 0.68096 0.70985 0.67914
 6.9375 0.72111 0.69023 0.69797 0.68342
 7.0125 0.72324 0.69727 0.68653 0.69695
 7.0875 0.72259 0.71132 0.68819  0.7035
 7.1625 0.71326 0.72408 0.69024 0.71192
 7.2375  0.7099 0.74196 0.69599 0.71725
 7.3125  0.7016 0.74984 0.70879 0.72288
 7.3875 0.69816 0.75048 0.72613 0.72735
 7.4625 0.69148 0.74562 0.74473  0.7376
 7.5375  0.693   0.7271 0.76298 0.74318
 7.6125 0.69013 0.71499  0.7787 0.74725
 7.6875 0.68558 0.70524 0.78436 0.74734
 7.7625 0.68082 0.70002 0.78508 0.74249
 7.8375 0.67679  0.6958 0.77886 0.73933
 7.9125 0.67914 0.69543 0.76617 0.73227
 7.9875 0.68502 0.69922 0.76595 0.72577
 8.0625 0.68943 0.70612 0.76774 0.72535
 8.1375 0.70051 0.71282 0.77317 0.72485
 8.2125 0.71589 0.72138 0.77714 0.72965
 8.2875 0.72834 0.72682 0.78275 0.73977
 8.3625 0.73876 0.72812 0.78738  0.7477
 8.4375 0.74486 0.73466 0.79562  0.7509
 8.5125 0.74914 0.74125 0.80425 0.74693
 8.5875 0.75402 0.75348 0.80964 0.73367
 8.6625 0.76558 0.76232 0.81751 0.71746
 8.7375 0.77312 0.77227 0.81683 0.70408
 8.8125  0.7836 0.77574 0.81464 0.69297
 8.8875 0.78834 0.77681 0.80786 0.69109
 8.9625 0.78569 0.77826 0.80443 0.69789
 9.0375 0.78232 0.78036 0.79813 0.70884
 9.1125 0.77275  0.7748 0.79322 0.72753
 9.1875 0.76659 0.76803 0.78978 0.75382
 9.2625 0.76189 0.75915 0.78561 0.77425
 9.3375 0.75814 0.75341 0.78137 0.80005
 9.4125 0.75922 0.75554 0.77566 0.81405
 9.4875  0.7644 0.75977 0.76921 0.82371
 9.5625 0.77142 0.76667 0.76453 0.83042
 9.6375  0.7818 0.77863  0.7586 0.83669
 9.7125 0.79007 0.79082 0.75959 0.84488
 9.7875  0.798  0.80009 0.76111  0.8477
 9.8625  0.7999 0.80971 0.76919 0.85203
 9.9375 0.80653  0.8122 0.78084 0.85463
10.0125 0.80252 0.81076 0.79202 0.85214
10.0875 0.80053 0.80546 0.80367 0.85335
10.1625 0.79884 0.80377 0.81641 0.85608
10.2375 0.79975 0.80495 0.82914 0.85489
10.3125 0.80704 0.81296 0.84195 0.85599
10.3875 0.81924 0.82083 0.85473  0.8492
10.4625 0.83338 0.82999 0.86396 0.84331
10.5375  0.8458 0.83751 0.86314 0.83515
10.6125 0.85263 0.84327 0.86153  0.831
10.6875 0.85736 0.84636 0.84895 0.83017
10.7625 0.85672 0.84975 0.84222 0.83209
10.8375 0.85362 0.85087 0.83551 0.83755
10.9125 0.84996  0.853  0.83213 0.83668
10.9875 0.84691 0.85424 0.84032 0.83849
11.0625  0.8454 0.85488 0.85148 0.83913
11.1375 0.84367 0.85396 0.86472 0.83745
11.2125 0.84729 0.85774 0.87638 0.83559
11.2875 0.84463 0.85681 0.88541 0.83549
11.3625 0.84603 0.86155 0.88615 0.83511
11.4375 0.84793 0.85982 0.88438 0.83481
11.5125 0.85452  0.8556 0.87925 0.83637
11.5875 0.86237 0.84917 0.87093 0.83596
11.6625 0.86968  0.8446 0.86696  0.8344
11.7375 0.87433 0.84496 0.85882 0.83334
11.8125 0.87622 0.84227 0.85589  0.8323
11.8875  0.873  0.84219 0.84751 0.82983
11.9625 0.86864 0.84486 0.85069 0.83463
12.0375 0.86539  0.8536 0.85489 0.83926
12.1125 0.85877 0.85767 0.86224 0.84325
12.1875 0.85784 0.86215 0.87281 0.84823
12.2625 0.85766 0.86479 0.88422 0.85644
12.3375 0.86188 0.86724 0.88961 0.86354
12.4125 0.86697 0.86571  0.8911  0.8726
12.4875 0.87198 0.86438  0.8855 0.87711
12.5625 0.87781 0.86616 0.87666 0.87752
12.6375 0.88056 0.86535 0.86606 0.87386
12.7125 0.88065 0.86894 0.86122 0.86695
12.7875 0.87834 0.87224 0.85952 0.85978
12.8625 0.87068 0.87882 0.86044 0.85437
12.9375 0.86486 0.88702 0.86165 0.85199
13.0125 0.85695 0.89499 0.86217  0.8553
13.0875 0.84859 0.90289 0.86335 0.86141
13.1625 0.84422 0.90913 0.86365  0.871
13.2375 0.84951 0.91208 0.85978 0.87871
13.3125 0.85637 0.91336 0.85364 0.88826
13.3875  0.8662 0.91203 0.84969  0.8923
13.4625 0.87151 0.90746 0.84956 0.89815
13.5375 0.87632 0.89652 0.85401  0.9025
13.6125 0.87352  0.8876 0.86137 0.90272
13.6875 0.86767 0.87732 0.86939 0.90007
13.7625 0.86704 0.87089 0.87807 0.89357
13.8375 0.86956 0.86888 0.88663 0.88391
13.9125 0.87647 0.86957 0.89418 0.87548
13.9875 0.88763 0.87346 0.89755 0.86645
14.0625 0.89859 0.87612 0.90059 0.86242
14.1375 0.90554 0.88149 0.90315 0.86151
14.2125  0.9126 0.88596 0.90776  0.8635
14.2875 0.91628 0.88419  0.9143 0.87105
14.3625  0.9195 0.88209 0.92122 0.88308
14.4375 0.92002 0.87799  0.9278 0.89974
14.5125 0.91622 0.87401 0.93485 0.91823
14.5875  0.914  0.87292 0.94048 0.93541
14.6625 0.90858 0.87452 0.94399  0.9469
14.7375 0.90633 0.88489 0.94105 0.95458
14.8125 0.90702 0.89549 0.93491 0.95736
14.8875 0.91109  0.9081 0.92387 0.95544
14.9625 0.91332 0.92159 0.91064  0.9524
