        GO-COOH GO-COOH-SV GO-COOH-DV GO-COOH-SW
   0       0       0       0       0
 0.0375    0       0       0       0
 0.1125    0       0       0       0
 0.1875    0       0       0       0
 0.2625    0       0       0       0
 0.3375    0       0       0       0
 0.4125    0       0       0       0
 0.4875    0       0       0       0
 0.5625    0       0       0       0
 0.6375    0       0       0       0
 0.7125    0       0       0       0
 0.7875    0       0       0       0
 0.8625    0       0       0       0
 0.9375    0       0       0       0
 1.0125    0       0       0       0
 1.0875    0       0       0       0
 1.1625    0       0       0       0
 1.2375    0       0       0       0
 1.3125    0       0       0       0
 1.3875    0       0       0       0
 1.4625    0       0       0       0
 1.5375    0       0       0       0
 1.6125    0       0       0       0
 1.6875    0       0       0       0
 1.7625    0       0       0       0
 1.8375    0       0       0       0
 1.9125    0       0       0       0
 1.9875    0       0       0       0
 2.0625 0.0003130.00036 0.000439 0.0011
 2.1375 0.02185 0.01916 0.02302  0.0452
 2.2125 0.22354 0.17923 0.24524 0.35536
 2.2875 0.75818 0.59538 0.84284 0.95496
 2.3625 1.26713 0.98548 1.46236 1.35901
 2.4375 1.37081 1.12656 1.62992 1.32498
 2.5125  1.1955 1.01408 1.44059 1.07926
 2.5875 0.93939 0.83262 1.14507 0.80915
 2.6625 0.71946 0.66364 0.85271  0.6075
 2.7375 0.56102 0.52247 0.64358 0.47275
 2.8125 0.45171 0.42218 0.50709 0.37929
 2.8875 0.38214 0.36496 0.41616 0.32101
 2.9625 0.33603 0.32071 0.35879 0.29647
 3.0375 0.30593 0.29624 0.32793 0.26897
 3.1125 0.28414  0.2824 0.31342 0.25345
 3.1875 0.26919 0.27426 0.30031 0.24094
 3.2625  0.2609  0.2689 0.29539  0.2404
 3.3375 0.25622  0.2591 0.28519 0.24453
 3.4125 0.25879 0.24775  0.2776 0.25297
 3.4875 0.27038  0.2423 0.27042 0.26782
 3.5625 0.26751  0.2418 0.26271 0.28101
 3.6375 0.26781 0.24839 0.25067 0.29789
 3.7125 0.27397 0.25932 0.24974 0.30574
 3.7875 0.27169 0.28574 0.25341 0.32677
 3.8625 0.27138  0.3057 0.26211 0.34591
 3.9375  0.2802 0.33518 0.27716 0.36797
 4.0125 0.28667 0.35659 0.28646 0.39365
 4.0875 0.30184 0.38157 0.29976 0.41542
 4.1625 0.32397 0.40237 0.31314 0.43866
 4.2375 0.34837 0.41865 0.32632 0.45066
 4.3125 0.37306 0.43835 0.34509 0.45845
 4.3875 0.40439 0.45359 0.37176 0.46975
 4.4625 0.43381 0.46468 0.39992 0.48468
 4.5375 0.46065  0.4845 0.43162 0.49206
 4.6125 0.47985 0.49392 0.46369 0.50487
 4.6875 0.49747 0.50195 0.48719 0.51449
 4.7625 0.50294  0.5025 0.50611 0.51967
 4.8375 0.50611 0.49931  0.5192 0.52755
 4.9125 0.50252 0.49527 0.52743 0.52577
 4.9875 0.50341  0.4828 0.53182 0.52481
 5.0625  0.5021 0.47712 0.53149 0.51276
 5.1375 0.49905 0.46906 0.52701 0.49215
 5.2125 0.50145 0.46888 0.51638 0.47035
 5.2875 0.49876 0.47132 0.50497  0.4515
 5.3625 0.49888  0.4681 0.49094 0.43335
 5.4375 0.49338  0.4682 0.48136 0.42539
 5.5125 0.48776 0.46191 0.46851 0.43063
 5.5875 0.48634 0.46324 0.45756 0.43662
 5.6625 0.48883 0.47268 0.45528 0.43701
 5.7375  0.486  0.47953 0.45762 0.44226
 5.8125 0.48062 0.49399 0.47041 0.44315
 5.8875 0.47087  0.4997 0.48909  0.4482
 5.9625 0.46407 0.50617 0.50633 0.44784
 6.0375 0.45931 0.49967 0.51511 0.44802
 6.1125 0.46267 0.48696 0.51502 0.44793
 6.1875 0.46529 0.47159 0.51114 0.44397
 6.2625 0.46773  0.4516 0.49305 0.44317
 6.3375 0.47613 0.43635  0.4785 0.44112
 6.4125 0.48151 0.42638 0.47176 0.44142
 6.4875  0.4891 0.42114 0.47175  0.4456
 6.5625 0.49293 0.43097 0.47063 0.45308
 6.6375 0.50233 0.44269 0.47784 0.46177
 6.7125 0.51139  0.4585 0.48203 0.46904
 6.7875 0.51766 0.47438 0.48646 0.47415
 6.8625 0.52504 0.49167 0.49374 0.48206
 6.9375 0.52935 0.50283 0.50576 0.49349
 7.0125  0.5346 0.51279 0.51897 0.50632
 7.0875 0.53493 0.52353 0.52684  0.5195
 7.1625 0.53652 0.52989 0.54204 0.53533
 7.2375 0.53966  0.5344 0.54942 0.53809
 7.3125 0.54092 0.54153 0.55371 0.53984
 7.3875 0.54416 0.54172 0.55695 0.54145
 7.4625 0.55066 0.54106 0.56332 0.54531
 7.5375 0.56001 0.54128 0.57399 0.54779
 7.6125 0.57142 0.54301 0.58538 0.56099
 7.6875 0.58563 0.54847 0.59635 0.56889
 7.7625 0.59269 0.55574 0.60288 0.57655
 7.8375  0.5989 0.56421 0.60754  0.5787
 7.9125 0.60487 0.57575  0.6087 0.57721
 7.9875 0.61453 0.58334 0.61437 0.57373
 8.0625 0.62537  0.5866 0.62121 0.57696
 8.1375 0.63486 0.59058 0.63091  0.5794
 8.2125  0.6393 0.59465 0.64421 0.59145
 8.2875 0.64031 0.60297 0.65649 0.60291
 8.3625  0.6368 0.61018 0.66459 0.61979
 8.4375 0.62961 0.61647 0.66853 0.62957
 8.5125  0.6223 0.62179 0.67205 0.63718
 8.5875 0.61949 0.62102 0.67294 0.64138
 8.6625 0.61672 0.62073 0.66903 0.64699
 8.7375 0.61542 0.62051 0.66553 0.65075
 8.8125  0.6175 0.61964 0.66314 0.66075
 8.8875 0.62449  0.6205 0.65701 0.67261
 8.9625 0.62931 0.62607 0.65388 0.68524
 9.0375 0.63863 0.63267 0.65027 0.69227
 9.1125 0.64648 0.64173 0.65159 0.69678
 9.1875  0.6498 0.65237 0.65712 0.69056
 9.2625 0.65471 0.66446  0.6598 0.68488
 9.3375  0.6566 0.67836 0.66931 0.67787
 9.4125 0.65559 0.69253 0.67648 0.67676
 9.4875 0.65247 0.70658 0.68253 0.67927
 9.5625 0.65412 0.71692 0.68892 0.68465
 9.6375  0.6616 0.72261 0.69305 0.69384
 9.7125 0.67218 0.73016 0.69647 0.70274
 9.7875 0.68705 0.73809 0.69697 0.71174
 9.8625 0.70127 0.74398 0.69992 0.72159
 9.9375 0.71209 0.75166 0.70715 0.73146
10.0125 0.71859 0.75384 0.70976 0.73684
10.0875 0.72389 0.75271 0.71735 0.73745
10.1625 0.72784 0.74878 0.72502 0.73263
10.2375 0.73255  0.742  0.73058 0.72757
10.3125 0.73574 0.73597 0.73755 0.71998
10.3875 0.74393 0.73604 0.74816 0.71732
10.4625 0.75096  0.7354 0.75533 0.71589
10.5375 0.75704 0.73601 0.76405 0.71582
10.6125 0.75971 0.73812 0.77159  0.7157
10.6875 0.75854 0.73911 0.77398 0.71699
10.7625  0.7539 0.74096 0.77786 0.72145
10.8375  0.7488 0.74734  0.7786 0.72672
10.9125  0.7443 0.75172 0.77654 0.73958
10.9875 0.73647 0.75443 0.76907 0.75425
11.0625 0.73404 0.75913 0.75974 0.76783
11.1375 0.72885 0.76169 0.75093 0.77944
11.2125 0.72539 0.75749 0.74439  0.7876
11.2875 0.72266 0.75638 0.73947 0.79098
11.3625 0.72061 0.75259  0.7384 0.79164
11.4375 0.72138 0.75312 0.73651 0.79208
11.5125 0.72158 0.75396 0.73697  0.7907
11.5875 0.72844 0.75572 0.74142  0.7856
11.6625 0.73654 0.75926 0.74757 0.78078
11.7375 0.74337 0.76228 0.75498 0.77726
11.8125 0.75258  0.7636  0.7691 0.77454
11.8875 0.75909 0.76532 0.78116 0.77595
11.9625  0.7671 0.76412 0.79201 0.77794
12.0375 0.76964  0.766  0.80269 0.78607
12.1125 0.77081 0.76733 0.81028 0.79078
12.1875 0.77263 0.77102 0.81033 0.79727
12.2625 0.77571 0.77432 0.81278 0.79824
12.3375 0.78217 0.77309 0.81411 0.80192
12.4125 0.78854 0.77002 0.81607 0.80277
12.4875  0.8014 0.76321 0.81346 0.80527
12.5625 0.81636 0.76237 0.81629 0.80887
12.6375 0.82657 0.76049 0.81842 0.80977
12.7125 0.83704 0.76399 0.81725  0.8066
12.7875 0.84271 0.76924 0.81981  0.8067
12.8625 0.84483 0.77711 0.81951 0.80575
12.9375 0.84382 0.78794 0.82115 0.80716
13.0125  0.8436 0.79836 0.82019  0.8067
13.0875 0.84201 0.81157 0.81847 0.80798
13.1625 0.84102  0.8228 0.81317 0.80482
13.2375 0.84084 0.83305 0.80602 0.80501
13.3125  0.8389 0.84151 0.79952 0.80216
13.3875 0.83722 0.84606 0.79488  0.8025
13.4625 0.83401 0.84546 0.79289 0.80607
13.5375 0.83047  0.8449 0.79608 0.80633
13.6125 0.82721  0.8419  0.7981 0.80876
13.6875 0.82057 0.83917 0.80666 0.80956
13.7625 0.81795 0.83642 0.81407 0.81107
13.8375  0.8158 0.83441 0.82219  0.813
13.9125 0.81592 0.83511 0.83122 0.81547
13.9875  0.8149 0.83538 0.83884 0.81841
14.0625 0.81636 0.83961 0.84633 0.82613
14.1375 0.82059 0.84232 0.85139 0.83438
14.2125 0.82461 0.84629 0.85416 0.84618
14.2875  0.8319  0.8492 0.85547 0.85111
14.3625 0.84157  0.8478 0.85593 0.85323
14.4375  0.8508 0.84558 0.85522  0.8538
14.5125 0.86007 0.84406 0.85572 0.84889
14.5875 0.86602 0.84209  0.8526 0.84693
14.6625 0.87038 0.84377 0.85403 0.84569
14.7375 0.87085 0.84682  0.854  0.84274
14.8125 0.86792 0.84962 0.85491 0.84485
14.8875 0.86603 0.85117 0.85712 0.84613
14.9625 0.86405 0.85063 0.86025 0.85298
