        GO-COOH GO-COOH-SV GO-COOH-DV GO-COOH-SW
   0       0       0       0       0
 0.0375    0       0       0       0
 0.1125    0       0       0       0
 0.1875    0       0       0       0
 0.2625    0       0       0       0
 0.3375    0       0       0       0
 0.4125    0       0       0       0
 0.4875    0       0       0       0
 0.5625    0       0       0       0
 0.6375    0       0       0       0
 0.7125    0       0       0       0
 0.7875    0       0       0       0
 0.8625    0       0       0       0
 0.9375    0       0       0       0
 1.0125    0       0       0       0
 1.0875    0       0       0       0
 1.1625    0       0       0       0
 1.2375    0       0       0       0
 1.3125    0       0       0       0
 1.3875    0       0       0       0
 1.4625    0       0       0       0
 1.5375    0       0       0       0
 1.6125    0       0       0       0
 1.6875    0       0       0       0
 1.7625    0       0       0       0
 1.8375    0       0       0       0
 1.9125    0       0       0       0
 1.9875    0       0       0       0
 2.0625 0.0001540.0001760.0001490.000217
 2.1375 0.03852 0.04095 0.04007 0.04042
 2.2125 0.76582 0.80251 0.78591 0.78731
 2.2875 3.40235 3.53293 3.43072 3.39572
 2.3625 6.02153 6.18098 5.97039 5.87264
 2.4375 6.27329 6.34979 6.14081  6.0168
 2.5125 4.97868 4.96476 4.86862 4.73262
 2.5875 3.55228 3.50446 3.48781 3.37873
 2.6625 2.50896 2.46399  2.4902 2.40713
 2.7375 1.86602 1.81954 1.86004 1.80189
 2.8125 1.48528 1.44949 1.49215 1.45623
 2.8875 1.28135 1.25007 1.29259 1.26797
 2.9625 1.17789  1.1555 1.19513 1.17489
 3.0375  1.1475 1.12884 1.15538 1.14909
 3.1125 1.15929 1.14071 1.15968 1.15313
 3.1875 1.18897 1.17421 1.18521 1.18803
 3.2625 1.23072 1.21396 1.23241 1.22714
 3.3375 1.28188 1.25531 1.28993 1.27837
 3.4125 1.33763 1.30341 1.35003 1.32475
 3.4875 1.39089 1.34459 1.40219 1.37036
 3.5625  1.4375 1.39286 1.45014  1.4071
 3.6375 1.47196 1.44203 1.48178 1.43795
 3.7125 1.49389 1.48173 1.50233 1.45572
 3.7875 1.49826  1.5134 1.50043 1.46651
 3.8625 1.48577 1.51969 1.48646 1.46582
 3.9375 1.45836  1.5078 1.46399 1.45352
 4.0125 1.41811 1.47335 1.42267 1.42672
 4.0875 1.37666 1.42829 1.37374 1.39061
 4.1625 1.32714 1.37394  1.3253  1.3498
 4.2375  1.2809 1.32766 1.27636 1.30796
 4.3125 1.24702 1.28411 1.23801  1.2706
 4.3875 1.22041  1.2486 1.20737 1.23961
 4.4625 1.20419 1.21512 1.19043  1.2191
 4.5375 1.19404 1.18639 1.18302 1.20874
 4.6125 1.19262 1.17129  1.177  1.20113
 4.6875 1.19259 1.15767 1.18281 1.19757
 4.7625 1.18845 1.15252 1.18623 1.18732
 4.8375 1.17634 1.14701 1.18054 1.17454
 4.9125 1.16003  1.1392 1.16954  1.1637
 4.9875 1.15136 1.13343 1.16284 1.15898
 5.0625 1.15416 1.13911  1.1634 1.16008
 5.1375 1.15709  1.1473 1.16821 1.16454
 5.2125 1.16203 1.16082 1.17205 1.16884
 5.2875  1.1593 1.16711 1.17202 1.17076
 5.3625 1.15183 1.16837 1.17103 1.16293
 5.4375 1.14245 1.16003 1.16022 1.14921
 5.5125 1.12647  1.1441 1.14524 1.13094
 5.5875 1.10605 1.12563 1.12412 1.10478
 5.6625 1.08475 1.10334 1.09768 1.07769
 5.7375 1.06036 1.07538 1.06897 1.05178
 5.8125 1.03606  1.0492 1.04009 1.02603
 5.8875 1.01251 1.02205  1.0133  1.0062
 5.9625 0.99192 0.99382  0.9883 0.98619
 6.0375 0.97344 0.96731 0.96872 0.96803
 6.1125 0.95659 0.94403 0.94981 0.94944
 6.1875 0.94022 0.92552  0.9331  0.9338
 6.2625  0.925  0.91147  0.9193  0.9192
 6.3375 0.91268  0.9005 0.90479 0.90502
 6.4125 0.89989 0.89129  0.8956 0.89185
 6.4875 0.88862  0.8847 0.88576 0.88001
 6.5625 0.87841 0.87795 0.87852 0.86979
 6.6375 0.87041  0.8755 0.86866 0.86229
 6.7125 0.86724  0.8725  0.8619  0.8564
 6.7875 0.86465  0.8719 0.85418 0.85307
 6.8625 0.86212  0.8704 0.84944 0.84943
 6.9375  0.8602  0.8712 0.84379 0.84669
 7.0125 0.85848 0.87249  0.8398 0.84541
 7.0875 0.85769 0.87227 0.83813 0.84542
 7.1625 0.85436 0.87539 0.83817 0.84463
 7.2375 0.85105 0.87417 0.83648 0.84432
 7.3125 0.84824 0.87233 0.83697 0.84391
 7.3875 0.84813  0.8675 0.83974 0.84397
 7.4625 0.84729 0.86082 0.84539 0.84445
 7.5375 0.84806 0.85607 0.85184 0.84641
 7.6125  0.8498 0.85176 0.86094  0.8489
 7.6875 0.85041 0.85107 0.86644 0.85305
 7.7625 0.85132  0.8535 0.87224 0.85707
 7.8375  0.8522 0.85709  0.8748 0.86044
 7.9125 0.85423  0.8628 0.87636 0.86586
 7.9875 0.85895 0.86685 0.87705 0.87145
 8.0625 0.86526 0.87421  0.8807 0.87743
 8.1375 0.87245 0.88086 0.88652 0.88362
 8.2125 0.88061 0.88736 0.89267 0.88981
 8.2875 0.88863 0.89546 0.89966 0.89629
 8.3625  0.8979 0.90201 0.90652 0.90276
 8.4375 0.90679 0.90894 0.91338 0.90917
 8.5125  0.9159 0.91273 0.91884 0.91702
 8.5875 0.92545 0.91555 0.92498 0.92395
 8.6625 0.93136 0.91939 0.92778 0.92782
 8.7375 0.93682  0.9215 0.93124 0.93221
 8.8125 0.94093 0.92498 0.93211 0.93692
 8.8875 0.94514 0.92823 0.93239 0.93937
 8.9625 0.94779  0.9304 0.93103 0.94333
 9.0375 0.94938 0.93302  0.9313 0.94809
 9.1125 0.95007 0.93463 0.93051 0.95108
 9.1875 0.94847 0.93534 0.93176 0.95394
 9.2625 0.94578 0.93669 0.93324 0.95561
 9.3375 0.94443 0.93937 0.93551 0.95591
 9.4125 0.94208 0.94145 0.93866 0.95613
 9.4875 0.94358  0.9427 0.94279 0.95718
 9.5625 0.94509 0.94361 0.94777 0.95877
 9.6375 0.94723 0.94465 0.95266 0.96103
 9.7125 0.95082 0.94557 0.95663 0.96437
 9.7875 0.95429 0.94842 0.96146 0.96931
 9.8625 0.95759 0.95275 0.96628  0.9743
 9.9375 0.95921 0.95677 0.97239 0.97864
10.0125 0.96386 0.96134 0.97747 0.98272
10.0875 0.96803 0.96781 0.98313 0.98674
10.1625 0.97514 0.97401 0.99017 0.99223
10.2375 0.98483 0.98154 0.99437 0.99682
10.3125 0.99487 0.98884 1.00083 1.00067
10.3875 1.00338 0.99585 1.00669 1.00421
10.4625 1.01251 1.00257 1.01127 1.00896
10.5375 1.01794 1.00883 1.01639 1.01629
10.6125 1.02313  1.014  1.02065 1.02332
10.6875 1.02777 1.01887 1.02697 1.03235
10.7625 1.03182 1.02474 1.03242 1.04332
10.8375 1.03675 1.02999 1.03881 1.05464
10.9125 1.04372 1.03764 1.04495 1.06459
10.9875 1.05074  1.0426  1.0511 1.07357
11.0625 1.05894 1.04861 1.05853  1.0812
11.1375 1.06702 1.05194 1.06474 1.08617
11.2125 1.07593 1.05556 1.07014 1.09003
11.2875 1.08339 1.05765 1.07567  1.0913
11.3625 1.08939 1.06045 1.07911 1.09126
11.4375  1.095  1.06177 1.08413 1.09054
11.5125  1.0988 1.06297 1.08527 1.09042
11.5875 1.10187 1.06515 1.08609  1.0897
11.6625 1.10218 1.06707 1.08761 1.08993
11.7375 1.10269 1.07068 1.08857  1.0911
11.8125  1.1028 1.07432 1.09041 1.09218
11.8875 1.10197 1.07851 1.09183 1.09238
11.9625 1.10216 1.08217 1.09354 1.09418
12.0375  1.1014 1.08635 1.09353 1.09437
12.1125 1.10069 1.08992 1.09227 1.09438
12.1875 1.09971 1.09276 1.09056 1.09357
12.2625 1.09897 1.09466 1.08818  1.092
12.3375  1.0975 1.09452 1.08716 1.09028
12.4125 1.09633 1.09542 1.08621 1.08982
12.4875 1.09611 1.09561 1.08571 1.09009
12.5625 1.09469 1.09534 1.08598 1.09048
12.6375 1.09461 1.09547 1.08604  1.0909
12.7125 1.09451 1.09662  1.0873 1.09085
12.7875  1.0943 1.09831 1.08762 1.09195
12.8625 1.09573 1.09999 1.09018 1.09191
12.9375 1.09515 1.10313 1.09395 1.09234
13.0125 1.09584 1.10539 1.09712  1.0925
13.0875 1.09626 1.10907 1.10161 1.09391
13.1625 1.09807 1.11416 1.10533 1.09598
13.2375 1.10058 1.11862 1.11014 1.09908
13.3125 1.10384 1.12272 1.11448 1.10234
13.3875 1.10731 1.12673 1.11885 1.10744
13.4625 1.11061 1.12984 1.12351 1.11176
13.5375 1.11501 1.13211 1.12785 1.11655
13.6125 1.11876  1.1334 1.13087 1.12166
13.6875 1.12372  1.1354 1.13294 1.12456
13.7625 1.12806 1.13628  1.1334 1.12728
13.8375 1.13276 1.13782 1.13336 1.12947
13.9125 1.13605 1.13931 1.13131 1.13072
13.9875 1.13931 1.13988 1.13053 1.13157
14.0625 1.14051 1.13958 1.12844 1.13169
14.1375 1.14089  1.1383 1.12807 1.13201
14.2125 1.13949 1.13467 1.12799 1.13208
14.2875 1.13798 1.13163 1.12754 1.13175
14.3625 1.13618 1.12874 1.12746 1.13125
14.4375 1.13346 1.12634 1.12728 1.12848
14.5125 1.12992 1.12504 1.12788 1.12593
14.5875 1.12617 1.12354 1.12684 1.12317
14.6625 1.12205 1.12261 1.12687 1.11928
14.7375 1.11955 1.12024 1.12578 1.11576
14.8125 1.11634 1.11799 1.12344 1.11057
14.8875 1.11317 1.11402 1.12119 1.10637
14.9625 1.11034 1.11158 1.11813 1.10159
