         GO-OH  GO-OH-SVGO-OH-DVGO-OH-SW
   0       0       0       0       0
 0.0375    0       0       0       0
 0.1125    0       0       0       0
 0.1875    0       0       0       0
 0.2625    0       0       0       0
 0.3375    0       0       0       0
 0.4125    0       0       0       0
 0.4875    0       0       0       0
 0.5625    0       0       0       0
 0.6375    0       0       0       0
 0.7125    0       0       0       0
 0.7875    0       0       0       0
 0.8625    0       0       0       0
 0.9375    0       0       0       0
 1.0125    0       0       0       0
 1.0875    0       0       0       0
 1.1625    0       0       0       0
 1.2375    0       0       0       0
 1.3125    0       0       0       0
 1.3875    0       0       0       0
 1.4625    0       0       0       0
 1.5375    0       0       0       0
 1.6125    0       0       0       0
 1.6875    0       0       0       0
 1.7625    0       0       0       0
 1.8375    0       0       0       0
 1.9125    0       0       0       0
 1.9875    0       0       0       0
 2.0625 0.0001370.0001720.0001450.000166
 2.1375 0.03738 0.04188 0.03675 0.03899
 2.2125 0.74499  0.786  0.74727 0.76166
 2.2875 3.30244 3.37719 3.29421 3.30935
 2.3625 5.82612 5.77116 5.77775 5.74299
 2.4375 6.07493 5.86357 5.96651 5.91982
 2.5125 4.85967 4.57524 4.73952 4.67628
 2.5875 3.49186 3.24429  3.3899 3.33861
 2.6625 2.48509 2.30606 2.41097  2.3732
 2.7375  1.8433 1.72115 1.78533 1.77306
 2.8125 1.46357 1.37796 1.41628  1.425
 2.8875 1.26141 1.19886 1.20922 1.23786
 2.9625 1.16587 1.11698 1.11177 1.15255
 3.0375 1.13369 1.09827 1.08432 1.12269
 3.1125 1.14548 1.11559  1.0977 1.13079
 3.1875 1.17174 1.15503 1.13738 1.15945
 3.2625 1.20124 1.19696  1.1911 1.19848
 3.3375 1.23655 1.24261  1.2458 1.23872
 3.4125 1.26877 1.29591 1.30012 1.28368
 3.4875 1.29561 1.34759 1.34454 1.32395
 3.5625 1.32317 1.39331 1.37783 1.35697
 3.6375 1.34372 1.42736 1.40432 1.38482
 3.7125 1.35979 1.44107 1.41803 1.39785
 3.7875 1.36358 1.43421 1.41886 1.40566
 3.8625 1.36417 1.41466 1.40347 1.39943
 3.9375  1.3527 1.38584 1.37925 1.39156
 4.0125 1.33254 1.35896  1.3425 1.37062
 4.0875 1.30736 1.32893 1.29995 1.34199
 4.1625 1.27724 1.29821 1.26238 1.30922
 4.2375 1.24471 1.27021 1.22245 1.27317
 4.3125  1.2098 1.24018 1.18908 1.23918
 4.3875  1.1804 1.22037 1.16623 1.20937
 4.4625 1.15835 1.19848 1.15135  1.1845
 4.5375 1.14539 1.18541 1.14615 1.16554
 4.6125 1.14023 1.17339 1.14624 1.15274
 4.6875 1.14442 1.16439 1.15191 1.14152
 4.7625 1.14843 1.15557 1.15107 1.12786
 4.8375 1.14628 1.14066 1.14851 1.11418
 4.9125 1.13757 1.12129 1.13797 1.09862
 4.9875  1.1312  1.1085 1.13345 1.09033
 5.0625 1.12953 1.10141 1.12906 1.08959
 5.1375 1.13335 1.09913 1.12792  1.0971
 5.2125  1.1358 1.09869 1.12401 1.10697
 5.2875 1.13415  1.0966 1.11955 1.11545
 5.3625 1.12664 1.09132 1.10866 1.11628
 5.4375 1.11552 1.08587 1.09732  1.1086
 5.5125 1.09644 1.07374 1.08139 1.09122
 5.5875  1.072  1.05684 1.06198 1.06697
 5.6625 1.04448 1.03738 1.04001 1.03588
 5.7375 1.01646 1.01585 1.01595 1.00565
 5.8125 0.98935 0.99519 0.98839 0.97328
 5.8875 0.96478  0.9718 0.96279 0.94365
 5.9625  0.9432 0.95102 0.94041 0.91716
 6.0375 0.92631 0.92986 0.91829 0.89348
 6.1125 0.91211 0.91256 0.89866 0.87561
 6.1875 0.89976 0.89469 0.88067 0.86329
 6.2625 0.88996 0.87965 0.86315 0.85294
 6.3375 0.87866 0.86429 0.85057 0.84785
 6.4125 0.86476  0.847  0.84046 0.84321
 6.4875 0.85165 0.83357 0.83496 0.83813
 6.5625 0.83696 0.82005 0.83111 0.83499
 6.6375 0.82205 0.80913 0.82994 0.83294
 6.7125 0.81114 0.80215 0.82572 0.82997
 6.7875 0.80241 0.79697 0.82429 0.82686
 6.8625 0.79998 0.79618 0.82189 0.82231
 6.9375 0.80213 0.79891 0.82024  0.8203
 7.0125 0.80406 0.80345 0.81578 0.81628
 7.0875 0.80644 0.80749 0.81317 0.81395
 7.1625 0.80855 0.81049 0.81334 0.81259
 7.2375 0.81181  0.812  0.81364 0.81193
 7.3125 0.81327 0.81392  0.8147 0.81245
 7.3875  0.8163  0.8169 0.81633 0.81504
 7.4625 0.81862 0.81994 0.81899 0.81786
 7.5375 0.82025 0.82444 0.82272 0.82144
 7.6125 0.82297 0.83022 0.82764 0.82544
 7.6875 0.82762 0.83772 0.83319 0.82923
 7.7625 0.83073  0.8461 0.83903 0.83344
 7.8375 0.83543 0.85387 0.84404 0.83762
 7.9125 0.84091 0.86354 0.84747 0.84278
 7.9875 0.84571 0.87224 0.84966 0.84865
 8.0625 0.85137 0.88095 0.85357 0.85563
 8.1375 0.85916  0.8897 0.85851 0.86365
 8.2125 0.86755 0.89755 0.86549 0.87059
 8.2875 0.87812 0.90412 0.87429 0.88001
 8.3625  0.8906 0.91031 0.88049 0.88952
 8.4375 0.90228 0.91431 0.88899  0.8982
 8.5125 0.91264  0.9181 0.89667 0.90905
 8.5875 0.92175 0.92101 0.90313 0.91764
 8.6625 0.92682 0.92358 0.90951 0.92565
 8.7375 0.93105 0.92613 0.91367 0.92874
 8.8125  0.9339 0.92385  0.9164 0.93041
 8.8875 0.93721 0.92449 0.91849 0.92962
 8.9625  0.9385 0.92162 0.92099 0.92793
 9.0375 0.93726 0.91974 0.92151 0.92566
 9.1125 0.93577 0.91744 0.92246 0.92594
 9.1875 0.93148 0.91691 0.92032 0.92441
 9.2625 0.92836 0.91843 0.92064 0.92435
 9.3375 0.92307 0.92076 0.92048 0.92418
 9.4125 0.91995 0.92327 0.92144  0.9249
 9.4875 0.91744 0.92659 0.92393 0.92663
 9.5625 0.91647 0.93031 0.92828 0.92929
 9.6375 0.91851 0.93574 0.93334 0.93356
 9.7125 0.92204 0.93911  0.9407 0.93799
 9.7875 0.92855 0.94354 0.94815  0.9446
 9.8625 0.93555 0.94729 0.95502  0.9484
 9.9375 0.94359 0.95069 0.96123 0.95321
10.0125  0.9519 0.95604 0.96543 0.95518
10.0875 0.95914 0.96072 0.96993 0.95784
10.1625 0.96531 0.96521 0.97392 0.96152
10.2375 0.97083  0.971  0.97601 0.96507
10.3125 0.97474 0.97575 0.97841 0.96968
10.3875 0.97831 0.98104  0.9822 0.97611
10.4625 0.98118  0.9866 0.98496 0.98195
10.5375 0.98241 0.99295 0.98952 0.98893
10.6125 0.98631 0.99924 0.99459 0.99571
10.6875 0.99035 1.00774 1.00096  1.0017
10.7625 0.99393 1.01374 1.00678 1.00804
10.8375 0.99992 1.01991 1.01406 1.01517
10.9125 1.00679 1.02571 1.02074 1.02159
10.9875 1.01297 1.02892 1.02651 1.02925
11.0625 1.02089 1.03271 1.03011  1.0358
11.1375 1.02956 1.03659 1.03498 1.03921
11.2125 1.03603  1.0416 1.03909 1.04244
11.2875 1.04253 1.04561 1.04409 1.04495
11.3625 1.04914 1.04972  1.049  1.04777
11.4375 1.05461 1.05257 1.05405 1.05012
11.5125  1.0597 1.05626 1.05791 1.05176
11.5875 1.06324 1.05944 1.05976 1.05303
11.6625 1.06642 1.06094 1.06124 1.05596
11.7375 1.06865 1.06304 1.06187 1.05775
11.8125 1.06692 1.06468 1.06263 1.05921
11.8875  1.0658  1.0659 1.06318 1.06028
11.9625 1.06346  1.0654 1.06456 1.06092
12.0375 1.06225 1.06384 1.06575 1.06129
12.1125 1.06235 1.06131 1.06641 1.06193
12.1875 1.06301 1.05931 1.06717 1.06248
12.2625 1.06453 1.05752 1.06791 1.06269
12.3375 1.06586 1.05768 1.06665 1.06269
12.4125 1.06783  1.0594 1.06618 1.06351
12.4875 1.06981 1.06324 1.06559  1.0658
12.5625 1.07062 1.06686 1.06544 1.06716
12.6375 1.07112 1.07013 1.06602 1.06831
12.7125 1.07272 1.07328 1.06806 1.06937
12.7875 1.07423 1.07442 1.07027 1.07066
12.8625 1.07691 1.07582 1.07325 1.07158
12.9375 1.08016 1.07779 1.07588  1.0748
13.0125 1.08421 1.07817 1.07926 1.07888
13.0875  1.0886 1.08138 1.08289 1.08443
13.1625 1.09216 1.08474 1.08696 1.09027
13.2375 1.09662 1.09061 1.09098 1.09665
13.3125 1.10009 1.09709  1.0952 1.10192
13.3875 1.10458 1.10389 1.10018 1.10775
13.4625 1.10815 1.11098 1.10477  1.1122
13.5375  1.1119 1.11656 1.10967 1.11661
13.6125 1.11576 1.12123 1.11338 1.11878
13.6875 1.11827 1.12469 1.11782 1.12013
13.7625 1.12026 1.12548 1.12168 1.12163
13.8375 1.12183 1.12583 1.12446 1.12266
13.9125 1.12311 1.12521 1.12794 1.12329
13.9875 1.12422 1.12471 1.13055 1.12389
14.0625 1.12365 1.12355  1.1313 1.12517
14.1375 1.12459 1.12121  1.1319 1.12607
14.2125 1.12322 1.11977 1.13248 1.12649
14.2875 1.12237 1.11741 1.13187  1.1273
14.3625 1.12203 1.11663 1.13023 1.12753
14.4375 1.12171 1.11442 1.12847 1.12695
14.5125 1.12062  1.1131 1.12599 1.12612
14.5875 1.12007 1.11075 1.12394 1.12459
14.6625 1.11793 1.11004 1.12166 1.12327
14.7375 1.11574 1.10777 1.12015 1.12087
14.8125 1.11238 1.10498 1.11714 1.11846
14.8875 1.10893 1.10306 1.11385 1.11557
14.9625 1.10515 1.10012 1.10888 1.11195
