          GO-O  GO-O-SV GO-O-DV GO-O-SW
   0       0       0       0       0
 0.0375    0       0       0       0
 0.1125    0       0       0       0
 0.1875    0       0       0       0
 0.2625    0       0       0       0
 0.3375    0       0       0       0
 0.4125    0       0       0       0
 0.4875    0       0       0       0
 0.5625    0       0       0       0
 0.6375    0       0       0       0
 0.7125    0       0       0       0
 0.7875    0       0       0       0
 0.8625    0       0       0       0
 0.9375    0       0       0       0
 1.0125    0       0       0       0
 1.0875    0       0       0       0
 1.1625    0       0       0       0
 1.2375    0       0       0       0
 1.3125    0       0       0       0
 1.3875    0       0       0       0
 1.4625    0       0       0       0
 1.5375    0       0       0       0
 1.6125    0       0       0       0
 1.6875    0       0       0       0
 1.7625    0       0       0       0
 1.8375    0       0       0       0
 1.9125    0       0       0       0
 1.9875    0       0       0       0
 2.0625 0.0001550.0001080.0001160.000143
 2.1375 0.03651 0.03607 0.03699 0.03883
 2.2125 0.72144 0.73473 0.73918 0.77742
 2.2875 3.17381 3.26182 3.27632 3.38724
 2.3625  5.5749 5.74078 5.74173 5.89337
 2.4375 5.75295 5.97436 5.93307 6.04486
 2.5125 4.54611 4.73932 4.69623 4.75763
 2.5875 3.24477 3.38876 3.36338 3.37522
 2.6625 2.30938 2.41127 2.39921 2.39319
 2.7375  1.7339 1.79308 1.79736 1.78303
 2.8125  1.4007 1.44025 1.44614 1.42917
 2.8875 1.22339 1.24531  1.2439 1.23582
 2.9625 1.14348 1.15463 1.14748 1.14109
 3.0375 1.11739 1.11637 1.11441 1.10895
 3.1125 1.13424  1.1151 1.12088 1.10903
 3.1875 1.16648 1.13285 1.14458 1.13526
 3.2625 1.20886 1.16619  1.1842 1.17828
 3.3375 1.25232 1.20732 1.22232 1.22543
 3.4125 1.29433 1.25642 1.26572 1.27741
 3.4875 1.33715  1.305  1.31032 1.32819
 3.5625 1.37529 1.35754 1.34857  1.361
 3.6375  1.4031 1.39385 1.38289 1.38977
 3.7125 1.42621 1.41558 1.39683 1.40552
 3.7875 1.43947 1.41737 1.40136 1.40935
 3.8625 1.44059 1.40496 1.39364 1.40229
 3.9375 1.43067 1.37972 1.37307 1.38347
 4.0125 1.40683 1.34794 1.34008 1.35664
 4.0875 1.36822 1.30825 1.30174 1.32815
 4.1625 1.32405 1.27322 1.26373 1.29231
 4.2375 1.27939 1.23708 1.22989 1.25564
 4.3125 1.24261 1.20813 1.20169 1.22096
 4.3875 1.21252 1.17848 1.18247 1.18848
 4.4625 1.19091 1.15374 1.16557 1.16944
 4.5375 1.17459 1.13901 1.15826 1.15193
 4.6125 1.16731  1.1301  1.1541  1.1396
 4.6875  1.1629  1.131  1.15228 1.13155
 4.7625 1.15177 1.13558 1.14978 1.12392
 4.8375 1.13403 1.13717  1.1432 1.11291
 4.9125  1.1119 1.13149 1.13341 1.09968
 4.9875  1.0938 1.12905 1.12256 1.09526
 5.0625 1.08457 1.12623  1.1159 1.09752
 5.1375 1.08184 1.12469 1.11388 1.10244
 5.2125  1.0873 1.12186 1.11498 1.11067
 5.2875  1.0895 1.11942 1.11661 1.11533
 5.3625 1.08845 1.11183  1.113  1.11392
 5.4375 1.08121 1.10082 1.10616 1.10695
 5.5125 1.06809 1.08629 1.09468 1.09585
 5.5875 1.05191 1.07038 1.07881 1.07816
 5.6625  1.0307 1.05299 1.05652 1.05694
 5.7375 1.00846 1.02988 1.03273 1.03287
 5.8125 0.98501 1.00435 1.00937 1.01221
 5.8875 0.96113 0.97635 0.98464 0.98901
 5.9625 0.94182 0.94739 0.96002 0.96794
 6.0375 0.92323 0.92005 0.93856 0.94623
 6.1125  0.9077  0.8963 0.91504 0.92773
 6.1875 0.89339 0.87772 0.89632 0.90772
 6.2625 0.87758 0.86282 0.87865 0.88756
 6.3375 0.86573 0.85474  0.8609 0.87029
 6.4125 0.85602 0.84769 0.84759 0.85418
 6.4875  0.8503 0.84244 0.83763 0.83948
 6.5625  0.8459 0.83889 0.82933 0.83192
 6.6375 0.84286 0.83505 0.82458 0.82616
 6.7125 0.83685  0.8345 0.82131 0.82407
 6.7875  0.8321 0.83288 0.81902 0.82283
 6.8625 0.82821 0.83147 0.81763 0.82229
 6.9375 0.82409 0.82859 0.81565 0.82222
 7.0125 0.82242 0.82292 0.81491  0.8205
 7.0875 0.82124 0.81769 0.81454 0.81802
 7.1625 0.82291 0.81216 0.81349 0.81592
 7.2375 0.82417 0.81053 0.81197 0.81384
 7.3125 0.82679 0.81084 0.80968 0.81178
 7.3875 0.82939 0.81277 0.81118 0.81267
 7.4625 0.83258 0.81717 0.81299 0.81443
 7.5375 0.83508 0.82418 0.81625 0.81797
 7.6125  0.8376 0.83108 0.82048 0.82284
 7.6875 0.83893 0.83625 0.82522 0.82746
 7.7625 0.84153 0.84131 0.83154 0.83363
 7.8375  0.8463  0.8463 0.83806 0.83883
 7.9125  0.851  0.85177 0.84498 0.84548
 7.9875  0.8575 0.85691 0.85365 0.85408
 8.0625 0.86275 0.86162 0.86176 0.86528
 8.1375 0.86949 0.86721   0.87  0.87491
 8.2125 0.87647  0.8725 0.87758 0.88602
 8.2875 0.88249 0.87699 0.88473 0.89393
 8.3625 0.89109 0.88292 0.89072 0.90079
 8.4375  0.9011  0.889  0.89548 0.90788
 8.5125 0.90953 0.89546 0.89994 0.91281
 8.5875 0.91688 0.90384 0.90464 0.91724
 8.6625 0.92331 0.91125 0.91071 0.92232
 8.7375 0.92727 0.91977 0.91765 0.92541
 8.8125 0.93025  0.9254 0.92413 0.92851
 8.8875 0.93257 0.93114 0.92763 0.93265
 8.9625 0.93233 0.93549 0.92893  0.932
 9.0375 0.93143 0.93805 0.92766  0.9303
 9.1125 0.92796 0.94005  0.924  0.92667
 9.1875 0.92276 0.93927 0.91998 0.92253
 9.2625 0.91698 0.93605 0.91913 0.91973
 9.3375 0.91521  0.9317 0.92055 0.91661
 9.4125 0.91403 0.93071 0.92332 0.91592
 9.4875 0.91612 0.93138 0.92535 0.91689
 9.5625 0.92081  0.9342 0.92862  0.9183
 9.6375 0.92821 0.93922 0.93222 0.92183
 9.7125 0.93545 0.94594 0.93694 0.92794
 9.7875 0.94292 0.95471 0.94344 0.93272
 9.8625 0.95035  0.9615 0.94957 0.93792
 9.9375 0.95514 0.96728  0.9566 0.94361
10.0125 0.96027 0.97326 0.96245 0.94893
10.0875 0.96335 0.97676 0.96651 0.95537
10.1625 0.96799 0.97986 0.97161 0.95941
10.2375 0.97186 0.98122 0.97353 0.96483
10.3125 0.97841 0.98271 0.97622 0.96959
10.3875 0.98426 0.98658 0.97932 0.97349
10.4625 0.99127 0.99169 0.98345 0.97908
10.5375 0.99872 0.99789 0.98715 0.98532
10.6125 1.00617 1.00467 0.99362 0.99121
10.6875 1.01378 1.00975 1.00017 0.99832
10.7625 1.02094 1.01569 1.00814  1.007
10.8375 1.02763 1.02045 1.01624 1.01427
10.9125 1.03437  1.0237 1.02487 1.02283
10.9875 1.04004 1.02666 1.03327 1.03059
11.0625 1.04569 1.03126 1.04096 1.03949
11.1375 1.05084 1.03536 1.04871 1.04689
11.2125 1.05431 1.04013  1.055  1.05558
11.2875 1.05725 1.04605 1.05992 1.06494
11.3625 1.06035  1.0515 1.06337 1.07263
11.4375 1.06322 1.05588 1.06408 1.07963
11.5125 1.06547 1.05929 1.06219 1.08237
11.5875 1.06703 1.06247 1.06101 1.08458
11.6625 1.06874 1.06533  1.0583 1.08331
11.7375 1.06959  1.0662 1.05518 1.08144
11.8125 1.07003 1.06795 1.05556 1.07779
11.8875 1.07003 1.06749 1.05548 1.07409
11.9625 1.06937 1.06696  1.057  1.06964
12.0375 1.06946 1.06574 1.05849 1.06541
12.1125 1.06948 1.06304 1.06069 1.06239
12.1875 1.06988 1.06222 1.06143 1.06055
12.2625 1.07014 1.06189 1.06181 1.06051
12.3375 1.06868  1.0613  1.0618 1.06048
12.4125  1.0671 1.06277 1.06213 1.06128
12.4875 1.06578 1.06411 1.06411 1.06227
12.5625 1.06445 1.06552  1.0666  1.0633
12.6375 1.06479 1.06649 1.06977 1.06571
12.7125 1.06572 1.06659  1.074  1.06836
12.7875 1.06801 1.06812 1.07655 1.07139
12.8625 1.07128 1.07002 1.08046 1.07344
12.9375 1.07488 1.07291 1.08341  1.0767
13.0125 1.07744 1.07597 1.08752  1.0789
13.0875 1.08098 1.08112 1.09173 1.08102
13.1625  1.0839  1.0857 1.09476 1.08411
13.2375 1.08662 1.09182 1.09721 1.08752
13.3125 1.09011  1.0987 1.10106 1.09202
13.3875 1.09389 1.10351 1.10371 1.09648
13.4625 1.09765  1.1086 1.10818 1.10137
13.5375 1.10245 1.11182 1.11316 1.10688
13.6125  1.1071 1.11316 1.11691 1.11115
13.6875 1.11288 1.11559 1.12094  1.1162
13.7625 1.11604 1.11739 1.12259 1.12134
13.8375 1.11984 1.11815 1.12452 1.12515
13.9125 1.12148 1.12035 1.12487 1.12864
13.9875 1.12211 1.12059 1.12504 1.13096
14.0625 1.12184 1.12102 1.12609 1.13192
14.1375 1.12087 1.12212 1.12626 1.13243
14.2125 1.12042 1.12173 1.12675 1.13091
14.2875 1.11933 1.12075  1.1253 1.13003
14.3625  1.1183  1.1201 1.12253  1.1287
14.4375 1.11687 1.11797 1.11893 1.12766
14.5125 1.11496 1.11601  1.1145 1.12669
14.5875 1.11336 1.11336  1.1104 1.12495
14.6625 1.11099 1.11082 1.10556 1.12244
14.7375  1.1084 1.10724  1.1019 1.11869
14.8125 1.10638 1.10459 1.09816 1.11483
14.8875 1.10356 1.10256 1.09463   1.11
14.9625 1.10089 1.09976 1.09074 1.10486
