           Gr    Gr-SV   Gr-DV   Gr-SW
   0       0       0       0       0
 0.0375    0       0       0       0
 0.1125    0       0       0       0
 0.1875    0       0       0       0
 0.2625    0       0       0       0
 0.3375    0       0       0       0
 0.4125    0       0       0       0
 0.4875    0       0       0       0
 0.5625    0       0       0       0
 0.6375    0       0       0       0
 0.7125    0       0       0       0
 0.7875    0       0       0       0
 0.8625    0       0       0       0
 0.9375    0       0       0       0
 1.0125    0       0       0       0
 1.0875    0       0       0       0
 1.1625    0       0       0       0
 1.2375    0       0       0       0
 1.3125    0       0       0       0
 1.3875    0       0       0       0
 1.4625    0       0       0       0
 1.5375    0       0       0       0
 1.6125    0       0       0       0
 1.6875    0       0       0       0
 1.7625    0       0       0       0
 1.8375    0       0       0       0
 1.9125    0       0       0       0
 1.9875    0       0       0       0
 2.0625 0.0002320.0001710.0001890.000133
 2.1375  0.0374 0.03831  0.0422 0.03794
 2.2125 0.74715 0.73788 0.79403 0.75948
 2.2875 3.22698 3.21417 3.39676 3.29164
 2.3625 5.56317 5.59927 5.84223 5.70317
 2.4375 5.67989 5.79733 5.95396 5.84411
 2.5125 4.47962 4.61545 4.66903 4.59631
 2.5875 3.20009 3.32366  3.3261 3.27534
 2.6625 2.29213 2.38202 2.36106 2.32755
 2.7375 1.72231 1.77958  1.7638 1.74771
 2.8125 1.38916 1.42686 1.40995 1.40968
 2.8875 1.20205 1.22525 1.22183 1.22995
 2.9625 1.11105 1.12332 1.12672 1.14182
 3.0375 1.08411 1.08832 1.09123 1.12227
 3.1125 1.09296 1.09452 1.08962 1.13218
 3.1875  1.1224 1.13188  1.1096  1.1622
 3.2625 1.16647 1.18251 1.14435 1.19666
 3.3375 1.21464 1.23947  1.1886 1.24151
 3.4125 1.26952 1.29347 1.24385 1.27875
 3.4875 1.31818 1.34122 1.29402 1.32493
 3.5625 1.36085  1.3798 1.34222 1.36406
 3.6375 1.39682 1.41079 1.38041  1.3995
 3.7125  1.4254 1.43388 1.40481 1.42283
 3.7875 1.44017 1.44429 1.41471 1.43358
 3.8625 1.44024 1.44242 1.41029 1.42323
 3.9375 1.42312 1.42483 1.39272 1.40378
 4.0125 1.39771 1.39475 1.36794 1.37139
 4.0875 1.36126 1.34857 1.33637 1.33849
 4.1625 1.31983 1.29672 1.29867 1.30084
 4.2375 1.27622 1.24521 1.26376 1.26846
 4.3125 1.23555  1.2005 1.23162 1.23853
 4.3875 1.19743  1.1614 1.20817 1.20668
 4.4625  1.1651 1.13792 1.19033 1.18881
 4.5375 1.14363 1.12454 1.17779 1.17215
 4.6125  1.1305 1.12118 1.16639 1.15641
 4.6875 1.12751 1.12076 1.16021 1.14324
 4.7625 1.12319  1.1183  1.1486  1.1307
 4.8375 1.11396 1.11435 1.12885 1.11306
 4.9125 1.10465 1.10668 1.10535 1.10161
 4.9875 1.09941 1.10694 1.08666 1.09487
 5.0625 1.09753 1.10961  1.0733 1.09734
 5.1375 1.10266 1.11195 1.06966 1.10528
 5.2125  1.103   1.1123  1.0723 1.10999
 5.2875 1.10439  1.1069 1.07635 1.11368
 5.3625 1.10174 1.09785   1.08  1.10759
 5.4375 1.09057 1.08395 1.08072  1.0958
 5.5125 1.07678 1.07019 1.07728 1.08011
 5.5875 1.05736 1.05185 1.06462 1.05893
 5.6625 1.03524  1.0348 1.04553 1.03658
 5.7375 1.00894 1.01207 1.02144 1.01091
 5.8125 0.97959 0.99116 0.99587 0.98553
 5.8875 0.95701 0.96693 0.96945 0.96134
 5.9625  0.9314 0.94256 0.94343 0.93614
 6.0375 0.90909   0.92  0.92362 0.91498
 6.1125 0.88998 0.90217 0.90614 0.89378
 6.1875 0.87425 0.88754 0.89254 0.87517
 6.2625  0.8569 0.87562 0.88152  0.8597
 6.3375 0.84533 0.86438 0.87273 0.84905
 6.4125 0.83469  0.8535 0.86492 0.84116
 6.4875 0.82497 0.84347 0.85779 0.83411
 6.5625 0.81836 0.83681 0.84819 0.82856
 6.6375 0.81401 0.83287 0.84095 0.82376
 6.7125 0.81006 0.82799 0.83468 0.81921
 6.7875 0.80813 0.82305 0.82966 0.81602
 6.8625 0.80418 0.81689 0.82671 0.81388
 6.9375 0.80155 0.81128 0.82442 0.81311
 7.0125 0.79884  0.8052 0.82194  0.8123
 7.0875 0.79695 0.79961 0.81976 0.81178
 7.1625 0.79833 0.79683 0.81611 0.80934
 7.2375   0.8   0.79586 0.81421 0.80743
 7.3125 0.80352  0.7962 0.81299 0.80586
 7.3875 0.80735 0.80022 0.81503 0.80718
 7.4625  0.8126 0.80481 0.81806 0.81129
 7.5375 0.81694 0.81105 0.82267 0.81593
 7.6125 0.82309 0.81886 0.82536 0.82291
 7.6875 0.82939 0.82548 0.82918 0.82999
 7.7625 0.83557 0.82955 0.83148  0.8383
 7.8375 0.84274 0.83099 0.83589 0.84639
 7.9125 0.84887 0.83129 0.83971 0.85452
 7.9875  0.8579 0.83227 0.84448 0.86093
 8.0625 0.86451 0.83601 0.85228 0.86508
 8.1375 0.87363 0.84082 0.85875  0.8701
 8.2125 0.88115 0.84945 0.86684 0.87277
 8.2875 0.89007 0.86122 0.87684 0.87637
 8.3625 0.90035 0.87305 0.88794 0.88002
 8.4375 0.90974 0.88782 0.89856 0.88524
 8.5125  0.9187 0.90053 0.90968 0.89062
 8.5875 0.92665 0.91266  0.9175 0.89621
 8.6625 0.93341 0.92077 0.92407 0.90323
 8.7375 0.93888 0.92889 0.92792 0.90854
 8.8125 0.94271 0.93393 0.92903 0.91389
 8.8875  0.9459 0.93722 0.92894 0.91912
 8.9625 0.94578 0.93871 0.92815 0.92156
 9.0375 0.94449 0.94011 0.92695 0.92353
 9.1125 0.94166 0.94324 0.92562 0.92369
 9.1875 0.93943 0.94584 0.92654 0.92417
 9.2625 0.93617 0.95023 0.92811  0.923
 9.3375 0.93508 0.95368 0.92973 0.92359
 9.4125 0.93542 0.95699 0.93068 0.92644
 9.4875 0.93699 0.95837 0.93445 0.93174
 9.5625 0.94113 0.95926 0.93628 0.93835
 9.6375 0.94643 0.96081 0.93709 0.94356
 9.7125 0.95253 0.96234 0.93915 0.94996
 9.7875 0.95823 0.96409 0.94221 0.95347
 9.8625 0.96229 0.96907 0.94622 0.95851
 9.9375 0.96638 0.97316 0.95209  0.9611
10.0125 0.96962 0.97759 0.95849 0.96349
10.0875 0.97223 0.98327 0.96636 0.96793
10.1625 0.97514 0.98825 0.97431 0.97211
10.2375 0.97933 0.99303 0.98287 0.97796
10.3125 0.98305  0.9978 0.98913 0.98267
10.3875 0.98835 1.00046 0.99649 0.98886
10.4625 0.99454 1.00265 1.00275 0.99572
10.5375 1.00212 1.00381 1.00859 1.00223
10.6125  1.0088 1.00504 1.01302 1.00848
10.6875 1.01766 1.00678 1.01938 1.01249
10.7625 1.02579 1.01104 1.02385 1.01907
10.8375 1.03441 1.01544 1.03044 1.02476
10.9125 1.04074 1.02336  1.0374  1.0322
10.9875 1.04678 1.03175  1.0449 1.03743
11.0625 1.05102 1.04151 1.05211 1.04178
11.1375 1.05416 1.05007 1.05805 1.04577
11.2125 1.05629 1.05789 1.06064 1.05013
11.2875 1.05874 1.06314  1.0618 1.05381
11.3625 1.06101 1.06498  1.0616 1.05648
11.4375 1.06233 1.06679 1.06124 1.05902
11.5125 1.06463 1.06751 1.06073 1.06027
11.5875  1.0662 1.06869 1.06163 1.06185
11.6625 1.06924  1.0699  1.0632 1.06089
11.7375 1.07007  1.0711 1.06491 1.05989
11.8125 1.07055 1.07303 1.06692 1.05928
11.8875 1.07126 1.07365 1.06899 1.06015
11.9625 1.07088  1.0741 1.07125 1.06018
12.0375 1.07051 1.07317 1.07269  1.0626
12.1125 1.06976 1.07222 1.07306 1.06534
12.1875 1.06975 1.07172 1.07225 1.06773
12.2625 1.06818  1.0716 1.07145 1.06977
12.3375 1.06721 1.07213 1.06858 1.07072
12.4125 1.06653 1.07398 1.06561 1.07168
12.4875 1.06448 1.07487 1.06241 1.07251
12.5625 1.06236 1.07622 1.06034 1.07185
12.6375 1.06206 1.07747 1.06033 1.07223
12.7125 1.06131 1.07899 1.06072 1.07233
12.7875 1.06295 1.08013 1.06355  1.0723
12.8625 1.06481 1.08173 1.06884 1.07363
12.9375 1.06943 1.08325 1.07439 1.07709
13.0125 1.07445 1.08477 1.08104 1.08002
13.0875 1.08066 1.08637  1.0868 1.08419
13.1625 1.08556 1.08731 1.09046 1.08915
13.2375 1.09176 1.08948 1.09442 1.09463
13.3125 1.09664 1.09223 1.09784 1.09829
13.3875 1.09929 1.09526 1.10098 1.10181
13.4625 1.10335 1.09973 1.10455 1.10601
13.5375 1.10754 1.10378 1.10755 1.10963
13.6125  1.1106 1.10685 1.11051 1.11328
13.6875 1.11254 1.10956  1.1119 1.11591
13.7625  1.1143 1.11143 1.11344 1.11774
13.8375 1.11398 1.11245 1.11389 1.11908
13.9125 1.11323 1.11241 1.11455 1.12038
13.9875 1.11063 1.11425 1.11537 1.12117
14.0625  1.1085 1.11593 1.11635 1.12169
14.1375 1.10753  1.1175 1.11825 1.12186
14.2125 1.10713 1.11915  1.1206 1.12195
14.2875 1.10675 1.12049 1.12256 1.12129
14.3625 1.10749 1.12022 1.12297 1.12043
14.4375 1.10709 1.12002 1.12256 1.11832
14.5125 1.10706 1.11835 1.12028  1.116
14.5875 1.10628 1.11601  1.1183 1.11352
14.6625 1.10533  1.1132 1.11477 1.11091
14.7375 1.10428 1.10945 1.11164 1.10936
14.8125 1.10347 1.10711 1.10823 1.10733
14.8875 1.10189 1.10332 1.10459 1.10532
14.9625 1.10074 1.10102 1.10087 1.10409
