	         200K	 300K	 400K	500K
0        	0.00507	-0.01475	-0.03978	-0.0159
0.004	0.32483	0.34367	0.36075	0.339
0.008	0.59799	0.58939	0.60637	0.568
0.012	0.72775	0.75372	0.69044	0.62493
0.016	0.93431	0.91691	0.81028	0.79143
0.02	        1.11041	1.11017	1.06298	0.9241
0.024	1.34265	1.30967	1.20447	1.1413
0.028	1.52685	1.47622	1.28244	1.22945
0.032	1.65413	1.58296	1.46359	1.40859
0.036	1.80687	1.71176	1.54304	1.4812
0.04	        1.8961	1.86574	1.73384	1.53163
0.044	2.05419	1.97541	1.78888	1.63245
0.048	2.17453	2.05396	1.84289	1.73297
0.052	2.25702	2.1335	1.97388	1.76071
0.056	2.26777	2.23628	2.03878	1.89429
0.06  	2.39136	2.39411	2.10179	2.01976
0.064	2.43869	2.45483	2.16387	1.99095
0.068	2.47839	2.47124	2.17134	2.13256
0.072	2.53531	2.51704	2.2588	2.08077
0.076	2.52678	2.53576	2.31735	2.0557
0.08  	2.54126	2.59777	2.36306	2.16396
0.084	2.56573	2.55015	2.38446	2.18445
0.088	2.61678	2.51438	2.36971	2.13811
0.092	2.63416	2.54015	2.29803	2.07816
0.096	2.62966	2.49739	2.29689	2.05192
0.1    	2.6119	2.55225	2.29278	2.05215
0.104	2.62852	2.4391	2.29874	2.06905
0.108	2.62635	2.44758	2.32116	2.03815
0.112	2.5819	2.47885	2.33361	1.88302
0.116	2.64903	2.43367	2.30504	1.99585
0.12  	2.60706	2.36702	2.27714	1.97747
0.124	2.60071	2.30049	2.19766	1.88245
0.128	2.54115	2.28167	2.14615	1.82836
0.132	2.55502	2.22352	2.08837	1.79121
0.136	2.49403	2.14986	2.06803	1.70103
0.14  	2.40201	2.1669	1.96814	1.79159
0.144	2.37009	2.08275	1.9235	1.82579
0.148	2.33811	2.02656	1.88094	1.69866
0.152	2.33177	2.06781	1.8007	1.67748
0.156	2.21787	1.98462	1.69948	1.70491
0.16  	2.15836	1.89445	1.71719	1.60695
0.164	2.12436	1.82313	1.64883	1.58711
0.168	2.07361	1.76842	1.67348	1.54665
0.172	2.06062	1.75823	1.59943	1.51243
0.176	2.01228	1.7333	1.57389	1.38159
0.18  	1.96288	1.79669	1.4719	1.3999
0.184	1.92216	1.77599	1.4761	1.42896
0.188	1.84133	1.69386	1.45634	1.39612
0.192	1.83839	1.65545	1.42439	1.30256
0.196	1.83259	1.65607	1.26706	1.28711
0.2    	1.79833	1.65399	1.26503	1.24476
0.204	1.71591	1.66235	1.28979	1.23951
0.208	1.68907	1.55879	1.26522	1.17536
0.212	1.625	1.52615	1.19406	1.14573
0.216	1.56784	1.54245	1.19851	1.16049
0.22  	1.50064	1.50921	1.15576	1.0991
0.224	1.47666	1.4192	1.1114	1.07804
0.228	1.44254	1.3325	1.15807	1.03782
0.232	1.45333	1.30397	1.10703	1.00792
0.236	1.4455	1.25373	1.09016	1.03813
0.24  	1.44263	1.2262	1.05175	1.08091
0.244	1.40577	1.18928	1.00505	1.10958
0.248	1.36355	1.20444	1.02803	1.05216
0.252	1.25937	1.13238	1.00571	1.01227
0.256	1.21142	1.13016	1.05466	1.02456
0.26  	1.20747	1.12838	1.05856	0.95908
0.264	1.16865	1.11519	1.04731	1.02641
0.268	1.12438	1.02379	0.98871	1.02388
0.272	1.10968	1.05214	0.92159	1.0084
0.276	1.09181	0.99987	0.87906	0.94789
0.28  	1.02117	0.96693	0.86098	0.93684
0.284	0.9795	1.00652	0.79651	0.90075
0.288	0.90383	0.92649	0.83988	0.92185
0.292	0.84252	0.88152	0.8851	0.94207
0.296	0.82893	0.85101	0.80433	0.87265
0.3    	0.82263	0.78516	0.77178	0.88507
0.304	0.79893	0.78437	0.77768	0.86438
0.308	0.73955	0.75758	0.82037	0.87622
0.312	0.67073	0.71801	0.74018	0.79013
0.316	0.70088	0.67193	0.68784	0.77443
0.32  	0.66504	0.66307	0.6822	0.67843
0.324	0.55501	0.68873	0.62163	0.65422
0.328	0.51561	0.57069	0.60548	0.69524
0.332	0.49514	0.61435	0.58332	0.66676
0.336	0.48482	0.54404	0.55203	0.62198
0.34  	0.48875	0.57217	0.55705	0.52996
0.344	0.43207	0.54049	0.55266	0.60003
0.348	0.38218	0.50988	0.49273	0.51713
0.352	0.34361	0.48502	0.42889	0.5458
0.356	0.33647	0.49058	0.4803	0.51909
0.36  	0.27984	0.42261	0.39356	0.50588
0.364	0.29222	0.39383	0.31121	0.46206
0.368	0.23371	0.37829	0.28248	0.47422
0.372	0.16772	0.34465	0.29421	0.4599
0.376	0.14996	0.29674	0.29863	0.38562
0.38  	0.1627	0.31232	0.25788	0.42711
0.384	0.15318	0.25789	0.2224	0.42052
0.388	0.07448	0.21569	0.20908	0.3927
0.392	0.04276	0.19395	0.13504	0.43163
0.396	0.05021	0.20351	0.08772	0.37152
0.4    	0.0368	0.17018	0.06341	0.3461
0.404	0.04592	0.16029	0.09253	0.33094
0.408	-0.01938	0.15438	0.00963	0.33001
0.412	-0.09302	0.13657	0.03432	0.26926
0.416	-0.022	0.10854	-0.01814	0.25154
0.42  	-0.03585	0.15698	-0.11171	0.22682
0.424	-0.09129	0.21439	-0.11907	0.27828
0.428	-0.07011	0.17122	-0.10125	0.21857
0.432	-0.07415	0.13665	-0.06972	0.24662
0.436	-0.054	0.12834	-0.12747	0.24759
0.44  	-0.11066	0.16521	-0.14377	0.24375
0.444	-0.09976	0.1192	-0.21564	0.29241
0.448	-0.13441	0.17164	-0.19343	0.26019
0.452	-0.10151	0.10236	-0.2012	0.242
0.456	-0.15965	0.06408	-0.24096	0.24317
0.46  	-0.14536	0.08021	-0.25715	0.15276
0.464	-0.13079	0.07415	-0.28325	0.16076
0.468	-0.14965	0.08857	-0.28989	0.10672
0.472	-0.1203	0.07304	-0.28741	0.05834
0.476	-0.14365	0.06017	-0.37581	0.11185
0.48  	-0.09697	0.11567	-0.3084	0.02807
0.484	-0.08164	0.13775	-0.39785	0.00565
0.488	-0.08136	0.07534	-0.43719	0.05483
0.492	-0.03165	0.07311	-0.42885	0.04983
0.496	-0.05696	0.06396	-0.42296	0.00621
0.5    	-0.09144	0.09265	-0.4451	0.02195
0.504	-0.08045	0.14298	-0.41398	0.01869
0.508	-0.06581	0.11291	-0.44141	-0.06344
0.512	-0.05 	0.1094	-0.43429	-0.06382
0.516	-0.06285	0.08689	-0.4394	-0.02669
0.52  	-0.0654	0.03438	-0.39905	-0.01384
0.524	-0.0769	0.12189	-0.49293	-0.03782
0.528	-0.02735	0.10723	-0.45639	-0.03533
0.532	-0.04792	0.06727	-0.38893	-0.07566
0.536	-0.01579	0.12898	-0.38033	-0.12793
0.54  	-0.02712	0.12004	-0.38971	-0.07679
0.544	-0.04775	0.16214	-0.40734	-0.07848
0.548	-0.02916	0.08866	-0.38346	-0.02929
0.552	0.00298	0.10204	-0.39608	-0.08332
0.556	-0.00444	0.06133	-0.39241	-0.06691
0.56  	0.00126	0.05779	-0.42772	-0.09981
0.564	0.01332	0.10258	-0.39875	-0.08135
0.568	0.02063	0.10205	-0.4177	-0.08513
0.572	0.01304	0.05513	-0.37993	-0.0144
0.576	0.01392	0.09487	-0.39103	-0.04859
0.58  	0.05917	0.10638	-0.4389	-0.07662
0.584	0.02093	0.08902	-0.45959	-0.07545
0.588	0.02106	0.09541	-0.40884	-0.09637
0.592	0.04362	0.05545	-0.40598	-0.12625
0.596	0.04615	0.07693	-0.41627	-0.12322
0.6    	0.03029	0.06375	-0.40811	-0.08169
0.604	0.04093	0.05688	-0.39179	-0.05569
0.608	0.0375	0.07777	-0.43424	-0.06303
0.612	0.02222	0.04256	-0.42241	-0.03214
0.616	0.01919	0.08345	-0.41638	-0.05601
0.62  	0.02705	0.06505	-0.38056	-0.12056
0.624	0.03057	0.05267	-0.37243	-0.13859
0.628	0.04151	0.09653	-0.35528	-0.0442
0.632	0.0337	0.09009	-0.36311	0.00276
0.636	0.02894	0.11289	-0.37932	-0.11114
0.64  	0.02809	0.04163	-0.30603	-0.04604
0.644	0.00728	0.08358	-0.31604	-0.02496
0.648	-0.0227	0.06094	-0.29389	-0.0697
0.652	-0.02709	0.06156	-0.27076	-0.03322
0.656	0.03068	0.07094	-0.24169	-0.0441
0.66  	0.02917	0.07693	-0.26158	-3.47E-04
0.664	0.01219	0.08279	-0.22733	-0.0059
0.668	0.0227	0.10297	-0.22697	-0.02999
0.672	0.02255	0.05573	-0.17309	-0.03337
0.676	0.0368	0.0808	-0.19495	0.00792
0.68  	0.0468	0.05649	-0.16216	-0.05067
0.684	0.0338	0.02242	-0.13625	-0.03936
0.688	0.05571	0.03833	-0.09395	-0.0531
0.692	0.04501	0.03238	-0.08983	-0.05767
0.696	0.04087	0.0786	-0.05193	0.00142
0.7    	0.05877	0.08695	-0.05322	0.00485
0.704	0.05106	0.07378	-0.04177	0.01885
0.708	0.05369	0.04926	-0.047	-0.01481
0.712	0.01011	0.01809	9.00E-04	-0.01107
0.716	0.039	0.02643	-0.02291	0.04204
0.72  	4.92E-04	0.042	-0.01287	0.05091
0.724	0.05653	0.05424	-0.07396	0.04382
0.728	0.02643	0.03943	0.02715	0.06203
0.732	0.03553	0.05978	0.03295	0.03426
0.736	0.03038	0.03765	0.04042	-0.03615
0.74  	0.04353	0.05873	0.02833	0.06978
0.744	-0.01026	0.03836	0.06707	0.01169
0.748	0.00442	0.0433	0.08736	-0.04174
0.752	0.01249	0.08105	0.07271	0.01169
0.756	0.01503	0.07677	0.02606	-0.02243
0.76  	-0.02347	0.01813	0.05208	-0.02317
0.764	0.00813	0.00444	0.11558	1.12E-04
0.768	-0.02664	0.01414	0.1698	-0.01248
0.772	-0.02453	-0.0041	0.12415	0.03941
0.776	-0.04539	-0.0139	0.10446	0.02456
0.78  	-0.04304	-0.00305	0.12427	0.01603
0.784	-0.03412	0.00629	0.10194	0.04147
0.788	-0.06289	-0.00686	0.10495	0.0371
0.792	-0.04273	-0.02643	0.06485	0.0095
0.796	-0.04483	-0.0067	0.08876	0.0442
0.8    	-0.02928	-0.01915	0.09703	0.02334
0.804	-0.0134	-0.04507	0.0803	0.04161
0.808	-0.0342	0.00475	0.07754	0.00201
0.812	-0.06579	-0.00649	0.10384	0.04669
0.816	-0.0417	-0.02251	0.10061	0.00855
0.82  	-0.00698	2.44E-04	0.10586	-0.02546
0.824	-0.01827	0.0264	0.06536	0.02496
0.828	-9.16E-04	-0.00486	0.08454	0.01763
0.832	-0.04461	0.00501	0.07034	-0.00333
0.836	-0.02089	-0.04162	0.07918	0.00297
0.84  	-0.01525	-0.0484	0.08672	0.00297
0.844	-0.01446	4.32E-04	0.08742	-0.01807
0.848	-0.00756	0.04393	0.10895	-0.01711
0.852	-0.00787	0.00426	0.14974	-0.02102
0.856	-0.0451	0.00655	0.11837	-0.02201
0.86  	-0.03293	0.00935	0.07608	0.02121
0.864	-0.01922	0.04276	0.0589	0.0298
0.868	-0.01458	-0.00311	0.0376	0.03624
0.872	0.00142	-4.52E-05	0.03899	0.02452
0.876	-0.00788	0.00404	0.03867	-0.0364
0.88  	-0.02025	0.02295	0.04673	0.02083
0.884	0.01818	0.02108	0.0488	-0.01407
0.888	-0.01841	0.04619	0.00604	0.01141
0.892	0.01833	0.02937	0.02688	-0.01339
0.896	-0.00633	0.02132	0.02027	-0.02298
0.9    	-0.00123	-0.02487	-0.01048	-0.02654
0.904	-0.03449	0.00783	0.03076	-0.03952
0.908	-0.03025	-0.00421	-0.02719	-0.0647
0.912	-0.0147	-0.0044	0.01625	-0.02409
0.916	0.02187	-0.00486	-0.03058	-0.04482
0.92  	-0.04055	0.01394	-0.03053	-0.07589
0.924	-0.02078	0.00939	-0.00525	-0.04048
0.928	-0.01598	-0.00341	2.67E-04	-0.0344
0.932	-0.02161	0.02956	-0.0217	-0.0067
0.936	-0.02798	0.04741	-0.07003	-0.01019
0.94  	-0.02195	0.01432	-0.02806	-0.03859
0.944	-0.02603	0.06662	-0.0509	-0.02402
0.948	-0.02663	0.06993	-0.02233	-3.01E-04
0.952	-0.01632	0.07457	-0.0573	-0.00483
0.956	-0.00198	0.03802	-0.08551	-0.0158
