                 200K          300K        400K        500K
0       	0.0334	0.01388	0.03513	-0.07253
0.004	0.45449	0.41186	0.42534	0.25729
0.008	0.66809	0.60441	0.66608	0.54882
0.012	0.87407	0.78578	0.77022	0.70614
0.016	1.03807	0.96089	0.9349	0.80486
0.02  	1.22174	1.14299	1.18062	0.93694
0.024	1.42453	1.30995	1.2627	1.10028
0.028	1.60761	1.52938	1.40025	1.20866
0.032	1.7344	1.61923	1.54725	1.2363
0.036	1.84466	1.63827	1.64739	1.43475
0.04  	1.9228	1.76339	1.8074	1.4368
0.044	2.04908	1.89568	1.78558	1.60946
0.048	2.09935	1.93607	1.88821	1.5836
0.052	2.19136	2.01849	1.93404	1.63411
0.056	2.3098	2.11555	1.96201	1.63718
0.06  	2.3178	2.19057	1.98982	1.65027
0.064	2.37826	2.1797	1.97057	1.65124
0.068	2.38687	2.18505	1.97241	1.7125
0.072	2.37788	2.24823	1.97917	1.776
0.076	2.38725	2.27195	1.91299	1.70795
0.08  	2.38423	2.31198	1.93728	1.65865
0.084	2.4165	2.27213	1.95158	1.64959
0.088	2.45839	2.29419	1.9475	1.72904
0.092	2.48035	2.34273	1.93248	1.67703
0.096	2.43675	2.24737	1.92976	1.68698
0.1    	2.35715	2.19475	1.92281	1.65415
0.104	2.40479	2.22448	1.87264	1.58686
0.108	2.4211	2.23985	1.94433	1.67446
0.112	2.3268	2.22119	1.88902	1.66928
0.116	2.23481	2.18474	1.78607	1.62855
0.12  	2.23551	2.12056	1.85038	1.64759
0.124	2.21332	2.09977	1.81503	1.61327
0.128	2.21056	2.11135	1.79039	1.53389
0.132	2.10165	2.12381	1.8317	1.59252
0.136	2.07286	2.0287	1.82009	1.54594
0.14  	2.06233	1.98142	1.80932	1.54178
0.144	2.03424	1.9727	1.68686	1.56089
0.148	2.0533	1.93669	1.70145	1.58047
0.152	2.07151	1.90186	1.70299	1.57665
0.156	2.01649	1.89973	1.80717	1.50966
0.16  	1.98974	1.81139	1.65764	1.48108
0.164	1.95191	1.757	1.65529	1.54498
0.168	1.90306	1.79222	1.65399	1.4329
0.172	1.83605	1.78093	1.63492	1.40595
0.176	1.85743	1.73116	1.64385	1.39023
0.18  	1.77025	1.73726	1.60264	1.50524
0.184	1.74106	1.67191	1.59677	1.48555
0.188	1.73765	1.65757	1.54203	1.47499
0.192	1.71139	1.56612	1.57254	1.43532
0.196	1.73388	1.47127	1.55927	1.40263
0.2    	1.69789	1.44462	1.50238	1.35981
0.204	1.67828	1.3957	1.46295	1.37817
0.208	1.6654	1.47	        1.49046	1.29933
0.212	1.58709	1.43363	1.42396	1.35256
0.216	1.58803	1.34204	1.44804	1.30695
0.22  	1.58687	1.33465	1.3469	1.2173
0.224	1.50954	1.33327	1.35137	1.18047
0.228	1.51383	1.33197	1.35075	1.13289
0.232	1.46177	1.25163	1.30207	1.24937
0.236	1.42768	1.21941	1.23334	1.2275
0.24  	1.355	1.1944	1.18699	1.19233
0.244	1.36208	1.15907	1.20438	1.07695
0.248	1.32445	1.17674	1.09055	1.12525
0.252	1.33712	1.15999	1.14542	1.12887
0.256	1.25128	1.06233	1.13166	1.14347
0.26  	1.22227	1.06996	1.04363	1.12751
0.264	1.17929	1.07536	1.06661	1.10848
0.268	1.1801	1.09636	1.06531	1.02894
0.272	1.12774	1.08846	1.04919	1.10065
0.276	1.11464	1.00769	0.9616	1.12283
0.28  	1.11372	0.96266	0.99573	1.04552
0.284	1.08094	1.02363	1.05097	1.01335
0.288	1.06812	0.95147	1.05092	1.02456
0.292	1.00572	0.91206	1.00417	1.02392
0.296	0.99619	0.90216	0.93168	1.04569
0.3    	0.91234	0.86365	0.98485	0.98163
0.304	0.98144	0.86362	0.93611	1.05296
0.308	0.95874	0.85912	0.96252	1.00654
0.312	0.8687	0.81218	0.91488	0.96628
0.316	0.82302	0.83169	0.89608	0.9742
0.32  	0.79905	0.83152	0.85884	0.96159
0.324	0.78904	0.74061	0.79384	0.91806
0.328	0.75619	0.72442	0.79687	0.98388
0.332	0.74394	0.71243	0.79033	0.90703
0.336	0.73944	0.69806	0.66514	0.82781
0.34  	0.71616	0.67933	0.70909	0.86927
0.344	0.66455	0.68705	0.70038	0.87791
0.348	0.66425	0.66073	0.63069	0.87131
0.352	0.594	0.64101	0.63441	0.83754
0.356	0.54473	0.66837	0.67595	0.82091
0.36  	0.55714	0.63882	0.64412	0.7877
0.364	0.56722	0.61535	0.59251	0.71087
0.368	0.52185	0.57365	0.5343	0.70015
0.372	0.49578	0.64009	0.57357	0.6683
0.376	0.4844	0.6373	0.48497	0.66264
0.38  	0.49691	0.65287	0.50681	0.55632
0.384	0.42889	0.57649	0.47558	0.57507
0.388	0.45534	0.5894	0.41953	0.61579
0.392	0.43919	0.58634	0.42288	0.57138
0.396	0.44816	0.55855	0.49009	0.58317
0.4    	0.38314	0.62441	0.45271	0.60744
0.404	0.38436	0.46982	0.46181	0.58631
0.408	0.37612	0.50196	0.41145	0.58189
0.412	0.32103	0.48796	0.41677	0.55782
0.416	0.33259	0.46363	0.36673	0.57776
0.42  	0.34643	0.46578	0.35418	0.68634
0.424	0.35071	0.51405	0.41806	0.63755
0.428	0.33532	0.39922	0.39787	0.58593
0.432	0.3867	0.37809	0.42209	0.50526
0.436	0.33959	0.40597	0.39135	0.55707
0.44  	0.37289	0.37208	0.33683	0.51191
0.444	0.32667	0.34239	0.28983	0.53209
0.448	0.2529	0.36507	0.3401	0.53576
0.452	0.25685	0.31177	0.24161	0.49557
0.456	0.28037	0.29339	0.28233	0.45656
0.46  	0.31648	0.29723	0.31837	0.49015
0.464	0.32678	0.27444	0.25754	0.51873
0.468	0.27885	0.24723	0.19603	0.39294
0.472	0.2444	0.25071	0.18642	0.38315
0.476	0.23182	0.28104	0.16038	0.39095
0.48  	0.18842	0.24001	0.20171	0.4459
0.484	0.18879	0.27731	0.19028	0.43794
0.488	0.17754	0.23692	0.22122	0.345
0.492	0.1847	0.25633	0.13934	0.34906
0.496	0.13696	0.24852	0.13678	0.27626
0.5    	0.12934	0.23595	0.22167	0.33707
0.504	0.13922	0.22137	0.15845	0.37582
0.508	0.13008	0.21343	0.15069	0.36279
0.512	0.08517	0.2654	0.16505	0.29361
0.516	0.10023	0.28284	0.21313	0.29761
0.52  	0.11699	0.23098	0.21491	0.29296
0.524	0.11199	0.19973	0.19843	0.27178
0.528	0.1422	0.16832	0.16097	0.22731
0.532	0.13902	0.18855	0.18057	0.24576
0.536	0.16527	0.21006	0.17675	0.28328
0.54  	0.16742	0.17667	0.15767	0.28452
0.544	0.15596	0.15986	0.21454	0.23989
0.548	0.14988	0.18098	0.16429	0.25005
0.552	0.11165	0.16036	0.17556	0.25084
0.556	0.10082	0.1453	0.17919	0.26066
0.56  	0.10014	0.09191	0.14979	0.27876
0.564	0.13524	0.13025	0.19675	0.25209
0.568	0.15205	0.13586	0.14827	0.20955
0.572	0.10737	0.10504	0.13245	0.22162
0.576	0.1321	0.10153	0.07543	0.20866
0.58  	0.15849	0.14504	0.11615	0.2674
0.584	0.14294	0.11829	0.10702	0.13943
0.588	0.18017	0.13625	0.12559	0.13264
0.592	0.17331	0.10451	0.14451	0.18512
0.596	0.13867	0.07149	0.13899	0.18926
0.6    	0.11072	0.0931	0.14787	0.20021
0.604	0.09368	0.09649	0.11765	0.20854
0.608	0.1077	0.11315	0.15565	0.18616
0.612	0.10434	0.09428	0.12168	0.09568
0.616	0.07828	0.05236	0.11323	0.18102
0.62  	0.11844	0.03201	0.11946	0.18032
0.624	0.1275	0.03888	0.1131	0.11748
0.628	0.08726	0.01674	0.09327	0.15867
0.632	0.115	0.01048	0.13993	0.15543
0.636	0.13118	0.08868	0.15652	0.09821
0.64  	0.11114	0.04466	0.1102	0.10987
0.644	0.12696	0.07175	0.16462	0.15542
0.648	0.13861	-8.92E-4	0.19923	0.11662
0.652	0.14842	0.0281	0.1694	0.12579
0.656	0.15368	-0.01377	0.21408	0.1296
0.66  	0.16262	-0.03549	0.1925	0.11519
0.664	0.15654	-0.01454	0.15898	0.1112
0.668	0.14927	-0.01305	0.1442	0.15959
0.672	0.15998	0.00352	0.17961	0.14865
0.676	0.22345	0.01864	0.09489	0.12507
0.68  	0.18104	0.01245	0.07629	0.13553
0.684	0.19155	-0.00274	0.0902	0.13462
0.688	0.18521	-0.01207	0.08829	0.07512
0.692	0.17644	0.01662	0.08829	0.07278
0.696	0.22212	0.00969	0.08054	0.02395
0.7    	0.20479	0.03122	0.04812	0.0646
0.704	0.17067	0.04281	0.02726	0.06895
0.708	0.16363	0.03756	0.0085	0.07759
0.712	0.18417	-0.01213	0.01329	0.15211
0.716	0.20887	-0.02347	0.01975	0.12465
0.72  	0.21212	0.01067	0.0218	0.03936
0.724	0.20178	0.02955	0.02643	-0.00958
0.728	0.20296	0.02876	0.01316	0.0019
0.732	0.18072	0.03465	0.05735	0.01839
0.736	0.18015	0.0223	0.02309	0.03395
0.74  	0.18737	0.01468	-0.0021	-0.02115
0.744	0.18909	0.01804	0.0053	0.06298
0.748	0.16448	-0.00598	-0.02417	0.0037
0.752	0.1745	-0.00248	0.00447	-0.01655
0.756	0.18306	-0.00217	-0.03164	-0.00771
0.76  	0.18192	0.01078	0.00607	0.03435
0.764	0.19213	-0.02213	-0.02932	-0.02489
0.768	0.21842	-0.01116	0.04582	-0.04841
0.772	0.19321	0.00413	0.07356	-0.06546
0.776	0.199	-0.02328	0.03467	-0.06594
0.78  	0.18942	2.42E-4	-0.01311	-0.04869
0.784	0.18974	-0.03457	0.04341	-0.05215
0.788	0.17264	-0.03047	0.0114	-0.04467
0.792	0.19267	-0.01851	0.00564	-0.02977
0.796	0.1524	0.00355	0.01869	-0.01087
0.8    	0.16307	-0.00773	-0.00119	0.01855
0.804	0.19026	-0.00686	-0.0322	-0.06758
0.808	0.19617	0.00502	-0.02607	-0.06514
0.812	0.20256	-0.00483	-0.01325	-0.03498
0.816	0.1768	-0.01338	-0.06149	0.02176
0.82  	0.1704	0.01024	-0.0165	-0.01498
0.824	0.15657	0.06766	0.00915	-0.03559
0.828	0.14744	0.03507	-0.02651	-0.02908
0.832	0.1478	-0.00879	-0.00529	-0.00853
0.836	0.11224	-0.01955	0.03549	-0.06222
0.84  	0.1185	0.01021	-0.00632	-0.02246
0.844	0.10238	0.02656	-0.00913	-0.03497
0.848	0.10196	-0.00708	-0.06162	-0.05538
0.852	0.04935	-0.0332	-0.06119	-0.1238
0.856	0.05731	0.01609	-0.0814	-0.05325
0.86  	0.05189	0.00357	-0.09712	-0.07521
0.864	0.04575	0.01042	-0.08787	-0.15051
0.868	0.0217	-0.00325	-0.05905	-0.10711
0.872	0.02211	0.04662	-0.03217	-0.10103
0.876	0.03127	0.01241	-0.05092	-0.07611
0.88  	-0.00582	-0.02205	-0.06414	-0.07848
0.884	0.01274	0.00253	-0.06682	-0.09538
0.888	0.04038	-0.02116	-0.07473	-0.15507
0.892	0.00104	0.01971	-0.0698	-0.14805
0.896	0.01548	0.01407	0.00376	-0.13127
0.9    	0.05093	-0.00621	0.01611	-0.09254
0.904	0.04238	0.00638	-0.04395	-0.06593
0.908	0.0109	0.02398	-0.02587	-0.05957
0.912	0.00406	-0.00886	-0.02373	-0.07682
0.916	0.01925	-0.03735	-0.01165	-0.08336
0.92  	0.00935	-0.01357	-0.03479	-0.06065
0.924	0.02472	-0.00728	-0.06751	-0.1185
0.928	0.04101	0.007	-0.08222	-0.09668
0.932	0.02703	0.01292	-0.05081	-0.0882
0.936	0.01572	0.02176	-0.04721	-0.06851
0.94  	0.01175	0.01031	-0.07381	-0.06333
0.944	0.00942	-0.01522	-0.08565	-0.00893
0.948	0.05428	0.04928	-0.0426	-0.03369
0.952	0.01443	0.08755	-0.05974	-0.04943
0.956	-0.01133	0.06623	-0.12894	-0.07393