                   200K        300K        400K         500K
0       	  0.01541	 0.04254	 0.01741	 0.00671
-0.004	-0.38692	-0.39545	-0.33908	-0.32767
-0.008	-0.62595	-0.59529	-0.54974	-0.60015
-0.012	-0.76319	-0.81287	-0.74313	-0.66431
-0.016	-0.97851	-1.03168	-0.97252	-0.91271
-0.02 	-1.23916	-1.23708	-1.18079	-1.07452
-0.024	-1.37113	-1.40315	-1.33609	-1.07356
-0.028	-1.63243	-1.53639	-1.3774	-1.30546
-0.032	-1.80732	-1.71736	-1.51684	-1.37548
-0.036	-1.93866	-1.83853	-1.69503	-1.51962
-0.04	        -2.15146	-1.9826	-1.81674	-1.64527
-0.044	-2.29304	-2.08118	-2.01388	-1.76549
-0.048	-2.40738	-2.24713	-2.08337	-1.92379
-0.052	-2.54391	-2.44114	-2.21414	-1.96094
-0.056	-2.78944	-2.52656	-2.38379	-2.08202
-0.06 	-2.85977	-2.62849	-2.35266	-2.14368
-0.064	-2.96088	-2.75393	-2.5373	-2.28877
-0.068	-3.04138	-2.89627	-2.61608	-2.35489
-0.072	-3.08357	-2.96653	-2.72857	-2.4878
-0.076	-3.19999	-2.99534	-2.74868	-2.45036
-0.08 	-3.32136	-3.08863	-2.84548	-2.49679
-0.084	-3.36269	-3.16872	-2.87101	-2.57769
-0.088	-3.54684	-3.2665	-2.99448	-2.60425
-0.092	-3.53776	-3.29742	-3.03851	-2.68942
-0.096	-3.63523	-3.32414	-3.15405	-2.80609
-0.1   	-3.61573	-3.37506	-3.09211	-2.86653
-0.104	-3.71438	-3.47295	-3.20103	-2.76753
-0.108	-3.67688	-3.55222	-3.22467	-2.95661
-0.112	-3.73039	-3.58673	-3.33571	-2.99382
-0.116	-3.77703	-3.64983	-3.39382	-2.97508
-0.12 	-3.85672	-3.59008	-3.4127	-3.0933
-0.124	-3.95994	-3.66549	-3.45989	-2.94856
-0.128	-4.04697	-3.70496	-3.47165	-3.06598
-0.132	-4.04587	-3.8121	-3.6233	-3.0423
-0.136	-4.07217	-3.89806	-3.59022	-3.03834
-0.14 	-4.06617	-3.95289	-3.506	-2.98107
-0.144	-4.04249	-3.91859	-3.65708	-3.03515
-0.148	-4.05914	-3.85253	-3.55587	-3.21195
-0.152	-4.03622	-3.82926	-3.58531	-3.29874
-0.156	-4.04868	-3.88011	-3.56264	-3.40653
-0.16 	-4.12777	-3.91644	-3.63876	-3.35824
-0.164	-4.0923	-3.81389	-3.65655	-3.45053
-0.168	-4.10431	-3.84024	-3.69725	-3.41351
-0.172	-4.08997	-3.72832	-3.72597	-3.3418
-0.176	-4.12396	-3.76925	-3.63356	-3.30934
-0.18	        -4.03556	-3.78057	-3.68561	-3.3147
-0.184	-4.06288	-3.7823	-3.64877	-3.472
-0.188	-4.03396	-3.82254	-3.71444	-3.34747
-0.192	-3.99323	-3.74965	-3.50912	-3.34835
-0.196	-3.94167	-3.70747	-3.51504	-3.32696
-0.2   	-3.99009	-3.72305	-3.52984	-3.33816
-0.204	-3.90398	-3.70345	-3.50425	-3.30121
-0.208	-3.88829	-3.61656	-3.50523	-3.39305
-0.212	-3.94626	-3.63831	-3.4941	-3.30402
-0.216	-3.87583	-3.71174	-3.55696	-3.23473
-0.22 	-3.90896	-3.67858	-3.46896	-3.21641
-0.224	-3.9014	-3.64074	-3.46148	-3.2231
-0.228	-3.83275	-3.69067	-3.39924	-3.20198
-0.232	-3.82392	-3.67069	-3.38803	-3.21571
-0.236	-3.84009	-3.65471	-3.3628	-3.08922
-0.24 	-3.78303	-3.63715	-3.25209	-3.07419
-0.244	-3.68105	-3.68607	-3.29571	-3.06941
-0.248	-3.68946	-3.63306	-3.18865	-3.0531
-0.252	-3.62602	-3.51852	-3.23048	-3.01331
-0.256	-3.63117	-3.53445	-3.21758	-3.00977
-0.26 	-3.66738	-3.56148	-3.24018	-3.10548
-0.264	-3.61959	-3.49506	-3.28021	-3.02986
-0.268	-3.59494	-3.49719	-3.28925	-2.98939
-0.272	-3.65816	-3.49459	-3.22797	-2.96399
-0.276	-3.73548	-3.45357	-3.24115	-2.87379
-0.28	        -3.71214	-3.54026	-3.18073	-2.83561
-0.284	-3.68655	-3.47896	-3.14947	-2.84796
-0.288	-3.63294	-3.52647	-3.28295	-2.77741
-0.292	-3.62613	-3.5835	-3.29516	-2.73658
-0.296	-3.67037	-3.50995	-3.30826	-2.74362
-0.3   	-3.64229	-3.55426	-3.31322	-2.6648
-0.304	-3.6326	-3.40992	-3.32777	-2.71504
-0.308	-3.63193	-3.49072	-3.29608	-2.77286
-0.312	-3.57882	-3.40997	-3.30613	-2.89336
-0.316	-3.50204	-3.40519	-3.23235	-2.81654
-0.32 	-3.54486	-3.45246	-3.22537	-2.83477
-0.324	-3.44321	-3.43224	-3.23467	-2.75098
-0.328	-3.40661	-3.53259	-3.21556	-2.88337
-0.332	-3.43433	-3.47741	-3.13526	-2.91442
-0.336	-3.45802	-3.49721	-3.14719	-2.91232
-0.34 	-3.41198	-3.44832	-3.28878	-3.03771
-0.344	-3.38067	-3.47692	-3.21769	-2.9568
-0.348	-3.44805	-3.43839	-3.21353	-3.0562
-0.352	-3.43566	-3.5134	-3.15648	-3.14611
-0.356	-3.44644	-3.40678	-3.1772	-3.17946
-0.36 	-3.49953	-3.40603	-3.10136	-3.09311
-0.364	-3.50181	-3.4431	-3.11938	-3.15295
-0.368	-3.50711	-3.4858	-3.01206	-3.04537
-0.372	-3.47675	-3.46746	-2.96826	-2.93114
-0.376	-3.30686	-3.4186	-2.92985	-3.01913
-0.38 	-3.36063	-3.40969	-2.99684	-3.03784
-0.384	-3.27798	-3.39927	-2.92159	-2.97611
-0.388	-3.25787	-3.31332	-2.94574	-3.00592
-0.392	-3.20826	-3.2925	-2.8184	-2.89196
-0.396	-3.2618	-3.15603	-2.82284	-2.94862
-0.4   	-3.27546	-3.14884	-2.81762	-2.92903
-0.404	-3.26662	-3.16593	-2.77919	-2.86088
-0.408	-3.25671	-3.17445	-2.80737	-2.90843
-0.412	-3.2946	-3.14004	-2.76648	-2.79346
-0.416	-3.26959	-3.2202	-2.85199	-2.79636
-0.42 	-3.29225	-3.06706	-2.73917	-2.85028
-0.424	-3.176	-3.02505	-2.68802	-2.89477
-0.428	-3.25497	-3.14468	-2.71087	-2.92747
-0.432	-3.27785	-3.21068	-2.7042	-2.83428
-0.436	-3.2825	-3.15028	-2.73805	-2.84595
-0.44	        -3.3498	-3.17038	-2.71834	-2.82214
-0.444	-3.32747	-3.07691	-2.7089	-2.86848
-0.448	-3.29328	-3.07076	-2.71398	-2.92765
-0.452	-3.26081	-3.02063	-2.68183	-2.81329
-0.456	-3.23127	-3.0216	-2.71719	-2.77746
-0.46	        -3.31467	-3.01856	-2.8394	-2.84832
-0.464	-3.2954	-3.10556	-2.80899	-2.80988
-0.468	-3.30498	-3.01708	-2.79572	-2.85111
-0.472	-3.28105	-3.01195	-2.84941	-2.87071
-0.476	-3.25586	-3.18862	-2.97293	-3.06106
-0.48 	-3.29472	-3.27405	-2.92955	-3.0169
-0.484	-3.404	-3.27347	-2.98471	-2.96914
-0.488	-3.47927	-3.29926	-3.02484	-2.95161
-0.492	-3.55571	-3.30885	-3.12103	-3.01997
-0.496	-3.63377	-3.41117	-3.11045	-3.02222
-0.5   	-3.71461	-3.37666	-3.20502	-3.04319
-0.504	-3.67779	-3.32442	-3.07803	-3.10849
-0.508	-3.68335	-3.33418	-3.25244	-3.04709
-0.512	-3.70596	-3.44963	-3.22999	-3.01535
-0.516	-3.79613	-3.43273	-3.15179	-3.01745
-0.52 	-3.90296	-3.40972	-3.29498	-3.02245
-0.524	-3.88061	-3.38363	-3.1663	-3.00825
-0.528	-3.8352	-3.40722	-3.21549	-2.93865
-0.532	-3.83581	-3.38051	-3.11158	-3.14363
-0.536	-3.80423	-3.42998	-3.12338	-2.95448
-0.54 	-3.79043	-3.36003	-3.05295	-3.03582
-0.544	-3.72648	-3.34753	-2.94271	-3.12753
-0.548	-3.66771	-3.41906	-3.07279	-3.1563
-0.552	-3.69797	-3.38777	-2.97737	-3.21085
-0.556	-3.69081	-3.42175	-3.0701	-3.16439
-0.56 	-3.70983	-3.44048	-3.05109	-3.06336
-0.564	-3.65396	-3.3943	-3.18266	-3.00598
-0.568	-3.6244	-3.35865	-3.17834	-2.95068
-0.572	-3.60393	-3.34515	-3.12602	-3.02054
-0.576	-3.59347	-3.33996	-3.17389	-3.07304
-0.58 	-3.60311	-3.37783	-3.22132	-3.01642
-0.584	-3.61454	-3.35647	-3.18138	-3.04535
-0.588	-3.58008	-3.32464	-3.23119	-3.02839
-0.592	-3.48208	-3.34705	-3.26589	-3.08105
-0.596	-3.45394	-3.41172	-3.35742	-3.00656
-0.6   	-3.46694	-3.39557	-3.23064	-3.05236
-0.604	-3.48821	-3.307	-3.26219	-3.05505
-0.608	-3.43746	-3.2434	-3.19816	-3.20769
-0.612	-3.49519	-3.30067	-3.19153	-3.06524
-0.616	-3.49991	-3.36283	-3.18627	-3.03817
-0.62 	-3.53785	-3.34731	-3.2326	-3.04991
-0.624	-3.52515	-3.40155	-3.21844	-3.11157
-0.628	-3.54247	-3.51216	-3.24921	-3.12097
-0.632	-3.58085	-3.47239	-3.36087	-3.11514
-0.636	-3.56841	-3.53823	-3.31492	-3.13255
-0.64        -3.56518	-3.58759	-3.31325	-3.22226
-0.644	-3.63851	-3.51719	-3.33229	-3.14705
-0.648	-3.70077	-3.60283	-3.30487	-3.12476
-0.652	-3.77344	-3.67088	-3.36091	-3.26397
-0.656	-3.7396	-3.59907	-3.34501	-3.15336
-0.66 	-3.80347	-3.63361	-3.41197	-3.29841
-0.664	-3.82981	-3.61767	-3.40253	-3.27741
-0.668	-3.81274	-3.61832	-3.32088	-3.30475
-0.672	-3.81488	-3.56232	-3.34386	-3.24426
-0.676	-3.87245	-3.62952	-3.3785	-3.40161
-0.68 	-3.91837	-3.71232	-3.3755	-3.47289
-0.684	-3.94906	-3.68056	-3.41768	-3.32022
-0.688	-3.94323	-3.65929	-3.45222	-3.37732
-0.692	-3.9064	-3.70041	-3.47215	-3.32811
-0.696	-3.88311	-3.72568	-3.48438	-3.39115
-0.7   	-3.92095	-3.70856	-3.41428	-3.34037
-0.704	-3.90477	-3.81697	-3.52511	-3.25448
-0.708	-3.97005	-3.83312	-3.48359	-3.24267
-0.712	-3.96296	-3.85045	-3.52669	-3.29446
-0.716	-3.94642	-3.88383	-3.59252	-3.1896
-0.72 	-4.05403	-3.87169	-3.61903	-3.20019
-0.724	-4.00053	-3.81689	-3.67285	-3.3048
-0.728	-4.04662	-3.80123	-3.67072	-3.33538
-0.732	-4.01688	-3.88824	-3.66924	-3.36463
-0.736	-3.9781	-3.87554	-3.66153	-3.50213
-0.74 	-4.03854	-3.86069	-3.67797	-3.58787
-0.744	-3.98687	-3.93355	-3.77438	-3.59419
-0.748	-4.01751	-4.04903	-3.79335	-3.73884
-0.752	-3.96932	-4.06865	-3.754	-3.83402
-0.756	-4.01437	-4.05852	-3.69299	-3.91825
-0.76 	-3.96406	-4.04314	-3.74692	-4.01499
-0.764	-4.00812	-4.04089	-3.8157	-3.9803
-0.768	-4.09357	-4.05363	-3.8191	-3.99926
-0.772	-4.20768	-4.10698	-3.90681	-3.97211
-0.776	-4.25386	-4.1029	-3.8514	-3.99267
-0.78 	-4.29251	-4.16275	-3.91231	-4.02133
-0.784	-4.40081	-4.25725	-4.05084	-4.1429
-0.788	-4.43348	-4.3197	-3.9911	-4.08793
-0.792	-4.45526	-4.29728	-4.00038	-4.04457
-0.796	-4.62363	-4.32758	-3.99837	-4.09081
-0.8   	-4.79421	-4.35975	-4.08603	-4.22967
-0.804	-4.96399	-4.59445	-4.25183	-4.18723
-0.808	-5.12993	-4.62256	-4.39795	-4.17822
-0.812	-5.30554	-4.68063	-4.61487	-4.19566
-0.816	-5.59645	-4.82319	-4.84125	-4.2882
-0.82	        -5.89414	-4.90606	-5.01568	-4.35975
-0.824	-6.25565	-5.15257	-5.30959	-4.46117
-0.828	-6.61584	-5.29869	-5.71393	-4.45317
-0.832	-6.93207	-5.39276	-6.00745	-4.59181
-0.836	-7.33728	-5.32911	-6.25075	-4.55241
-0.84 	-7.81969	-5.30969	-6.49685	-4.70743
-0.844	-8.20854	-5.30654	-6.70683	-4.88292
-0.848	-8.64164	-5.25454	-6.76655	-4.86785
-0.852	-9.18426	-5.3133	-6.47886	-4.88877
-0.856	-9.39551	-5.31592	-5.69296	-4.91133
-0.86 	-9.16338	-5.38113	-5.11306	-4.94628
-0.864	-8.06536	-5.53031	-5.28041	-4.92729
-0.868	-6.59986	-5.59737	-5.42466	-5.10353
-0.872	-6.50997	-5.74994	-5.56996	-5.20159
-0.876	-6.72206	-5.95748	-5.66411	-5.41665
-0.88 	-6.95683	-6.176	-5.7698	-5.6397
-0.884	-7.23384	-6.45158	-6.02967	-5.90097
-0.888	-7.66827	-6.7834	-6.47702	-6.33973
-0.892	-8.33357	-7.23196	-6.93187	-6.6197
-0.896	-9.21353	-7.91031	-7.56704	-7.19965
-0.9   	-10.5353	-8.92604	-8.58925	-7.95853
-0.904	-12.0429	-10.1368	-9.91906	-9.01796
-0.908	-13.8914	-11.5414	-11.3912	-10.3345
-0.912	-16.0927	-13.1567	-13.2474	-11.7006
-0.916	-19.4061	-15.3129	-16.1922	-13.5548
-0.92 	-24.1015	-18.3306	-20.4807	-16.107
-0.924	-30.565	-22.3055	-25.9286	-19.5547
-0.928	-38.2963	-27.3556	-32.4816	-23.6727
-0.932	-45.4801	-31.9727	-38.6819	-27.54
-0.936	-50.4116	-34.9837	-42.9831	-29.934
-0.94 	-54.2613	-37.6889	-46.1453	-31.337
-0.944	-60.0125	-42.7847	-50.9236	-34.989
-0.948	-74.2807	-52.9326	-61.5213	-41.8262
-0.952	-100.295	-66.5226	-80.4282	-49.8661
-0.956	-103.741	-69.5455	-87.1455	-54.1281