        GO-COOH GO-COOH-SV GO-COOH-DV GO-COOH-SW
   0    -0.014750.02476 -0.01233-0.08147
 0.004  0.34367 0.30407 0.36662 0.35347
 0.008  0.58939 0.60406 0.50357 0.57843
 0.012  0.75372 0.75328 0.65971 0.74927
 0.016  0.91691 0.92326 0.85211 0.91449
  0.02  1.11017 1.09922 0.99745 1.02967
 0.024  1.30967 1.24129 1.22945 1.24254
 0.028  1.47622 1.42996 1.34037 1.42539
 0.032  1.58296 1.54116  1.4524 1.48698
 0.036  1.71176  1.7557 1.62366 1.63002
  0.04  1.86574 1.86226 1.73117 1.74154
 0.044  1.97541 2.01181 1.83488 1.86155
 0.048  2.05396 2.14279 1.95816  2.0112
 0.052   2.1335 2.18117 2.08148 2.08769
 0.056  2.23628 2.30818 2.13249 2.22346
  0.06  2.39411 2.35704 2.19851 2.31123
 0.064  2.45483 2.39899 2.27512 2.34991
 0.068  2.47124 2.48042  2.3637  2.4234
 0.072  2.51704 2.53531 2.40223 2.48933
 0.076  2.53576 2.55858 2.39994 2.42975
  0.08  2.59777 2.60657  2.414  2.49831
 0.084  2.55015  2.5211 2.50927 2.56929
 0.088  2.51438 2.52041 2.55054 2.55601
 0.092  2.54015 2.49795 2.49995 2.53262
 0.096  2.49739 2.55993 2.51923  2.5711
  0.1   2.55225 2.50987 2.51765 2.61573
 0.104   2.4391 2.42124 2.59925 2.56292
 0.108  2.44758 2.41037 2.61968 2.53944
 0.112  2.47885 2.34042 2.52205 2.51027
 0.116  2.43367 2.39424 2.49533 2.46585
  0.12  2.36702 2.30384 2.49343 2.42856
 0.124  2.30049 2.29659 2.47709 2.40637
 0.128  2.28167 2.25237 2.32915 2.33455
 0.132  2.22352  2.1562 2.29152  2.3206
 0.136  2.14986 2.14668 2.30677 2.21636
  0.14   2.1669 2.08415 2.21597 2.17726
 0.144  2.08275 2.05321 2.21228 2.15099
 0.148  2.02656 2.08276 2.17025 2.16379
 0.152  2.06781 2.07383 2.10584 2.12376
 0.156  1.98462 1.94539 2.07376 2.05052
  0.16  1.89445 1.96385 2.06305 2.04043
 0.164  1.82313 1.92832 1.99486 1.93093
 0.168  1.76842 1.88381 1.90988 1.86673
 0.172  1.75823 1.85992 1.84235 1.84551
 0.176   1.7333 1.79185 1.80228 1.85454
  0.18  1.79669  1.7078 1.77274 1.83827
 0.184  1.77599  1.654  1.77866 1.80778
 0.188  1.69386 1.61525  1.7911 1.84075
 0.192  1.65545 1.61883 1.76685 1.87458
 0.196  1.65607  1.6237 1.66856 1.77943
  0.2   1.65399 1.54415 1.59221 1.77018
 0.204  1.66235 1.45835 1.61583 1.73208
 0.208  1.55879 1.41073 1.57204 1.69848
 0.212  1.52615 1.38447 1.52255 1.70914
 0.216  1.54245 1.28203 1.48044 1.60277
  0.22  1.50921 1.22254 1.45372 1.58723
 0.224   1.4192 1.16406 1.44661 1.57812
 0.228   1.3325 1.14419 1.34176 1.56823
 0.232  1.30397  1.1063 1.35574   1.45
 0.236  1.25373 1.08337 1.23339 1.52501
  0.24   1.2262 1.14419 1.21062 1.51139
 0.244  1.18928 1.12948 1.21771 1.44509
 0.248  1.20444 1.06256 1.13239  1.3915
 0.252  1.13238  1.004  1.11413  1.3663
 0.256  1.13016 0.89143 1.08978 1.35654
  0.26  1.12838 0.93574  1.0324 1.27703
 0.264  1.11519 0.84801 1.02506 1.21882
 0.268  1.02379 0.80751 1.04924 1.20902
 0.272  1.05214 0.82627 0.96568 1.21599
 0.276  0.99987 0.75824  0.941  1.17034
  0.28  0.96693 0.73487 0.87753 1.16658
 0.284  1.00652  0.7501 0.89213 1.08878
 0.288  0.92649 0.69495 0.90196 1.08342
 0.292  0.88152 0.66992 0.86105 1.00984
 0.296  0.85101 0.57096 0.82088 0.97739
  0.3   0.78516 0.59354 0.81264 0.93473
 0.304  0.78437 0.55879 0.80146 0.89009
 0.308  0.75758 0.52037 0.75472 0.91162
 0.312  0.71801 0.50458 0.76175 0.88526
 0.316  0.67193 0.45373 0.74757 0.83941
  0.32  0.66307 0.46336 0.69455 0.80562
 0.324  0.68873 0.39145 0.67269 0.76844
 0.328  0.57069  0.3883 0.65792 0.76683
 0.332  0.61435 0.35528 0.60463 0.72755
 0.336  0.54404 0.32411 0.69471 0.70335
  0.34  0.57217 0.33347  0.6493 0.67792
 0.344  0.54049 0.27998 0.61855 0.62239
 0.348  0.50988 0.27116 0.55806 0.59274
 0.352  0.48502  0.2684 0.59567 0.57392
 0.356  0.49058 0.20655 0.55154 0.49562
  0.36  0.42261 0.22804  0.5218 0.42091
 0.364  0.39383 0.17611 0.49957 0.45611
 0.368  0.37829 0.20913 0.48787 0.43671
 0.372  0.34465 0.15325 0.53105  0.3799
 0.376  0.29674 0.18034  0.4766 0.33414
  0.38  0.31232 0.15704 0.40271 0.30006
 0.384  0.25789 0.12133 0.41258 0.27371
 0.388  0.21569 0.12269 0.37721 0.28344
 0.392  0.19395 0.12854 0.38489 0.24749
 0.396  0.20351 0.09068  0.3709 0.18942
  0.4   0.17018 0.10052 0.32558 0.21824
 0.404  0.16029 0.06308 0.38617  0.1432
 0.408  0.15438   0.11  0.31837 0.12668
 0.412  0.13657 0.09635 0.38419 0.14162
 0.416  0.10854 0.06013 0.37388 0.11339
  0.42  0.15698 0.09378 0.35765 0.15709
 0.424  0.21439 0.08633 0.33499 0.14183
 0.428  0.17122  0.0924  0.2818 0.07439
 0.432  0.13665  0.1072 0.25596 0.06303
 0.436  0.12834 0.13225 0.27698 0.03268
  0.44  0.16521 0.12449  0.2404  0.0835
 0.444   0.1192 0.08331 0.19681 0.09792
 0.448  0.17164 0.11282 0.23261  0.0805
 0.452  0.10236 0.11895 0.19646 0.07361
 0.456  0.06408  0.1748 0.22058 0.02087
  0.46  0.08021 0.17139  0.1694 0.06993
 0.464  0.07415  0.1207 0.20713 0.08709
 0.468  0.08857 0.12019  0.2324 0.07517
 0.472  0.07304 0.11031 0.19829 0.03964
 0.476  0.06017 0.12838  0.1583 0.05156
  0.48  0.11567 0.11823 0.14866 -0.00092
 0.484  0.13775 0.13341 0.20388 0.00394
 0.488  0.07534 0.16131 0.14825 0.05094
 0.492  0.07311 0.14715 0.08735  0.0094
 0.496  0.06396 0.18413 0.06499 -0.01007
  0.5   0.09265 0.16154 0.13617 0.00699
 0.504  0.14298 0.20358 0.11339 0.00363
 0.508  0.11291 0.21668 0.02783 0.01676
 0.512   0.1094 0.17526 0.07917 -0.01226
 0.516  0.08689 0.13835 0.08088 0.01967
  0.52  0.03438 0.17611 0.10089 -0.03021
 0.524  0.12189 0.18501 0.07489 -0.00695
 0.528  0.10723 0.16398 0.04614 0.01414
 0.532  0.06727 0.15733 0.08992 0.01789
 0.536  0.12898 0.16258 0.05668 0.02482
  0.54  0.12004 0.17784 0.10879 -0.03308
 0.544  0.16214 0.19321 0.14531 -0.03788
 0.548  0.08866 0.18225 0.06508 -0.03834
 0.552  0.10204 0.17497 0.05068 -0.05299
 0.556  0.06133 0.18623 0.05625 -0.04899
  0.56  0.05779  0.1988 0.05286 -0.00318
 0.564  0.10258 0.17506 0.08971 0.01153
 0.568  0.10205 0.15531 0.06594 -0.04448
 0.572  0.05513 0.16567 0.02721 -0.03677
 0.576  0.09487  0.163  0.05014 -0.00437
  0.58  0.10638 0.13205 0.04849 0.01289
 0.584  0.08902 0.10148 0.02331 0.04938
 0.588  0.09541 0.10432 0.05635 -0.01592
 0.592  0.05545 0.15167 0.05104 -0.02654
 0.596  0.07693 0.17184 0.03928 -0.01571
  0.6   0.06375 0.14234 0.01734 -0.00266
 0.604  0.05688 0.09967  0.0253 -0.01148
 0.608  0.07777  0.085  0.03535 0.00425
 0.612  0.04256 0.09256 0.05816 0.02997
 0.616  0.08345 0.10076 0.01894 -0.01442
  0.62  0.06505 0.14129 -0.011080.03315
 0.624  0.05267 0.12585 0.02688 0.06519
 0.628  0.09653 0.07937  0.046  0.03994
 0.632  0.09009 0.07122 0.06995 0.06619
 0.636  0.11289 0.05299 0.04077 0.04556
  0.64  0.04163 0.04041 0.06908 0.09236
 0.644  0.08358 0.12273 0.09097 0.02274
 0.648  0.06094 0.10536 0.11112 0.02899
 0.652  0.06156 0.10395 0.07815 0.05696
 0.656  0.07094 0.11207 0.05431 0.05742
  0.66  0.07693  0.1078 0.08917 0.05535
 0.664  0.08279 0.07249 0.13558 0.09179
 0.668  0.10297 0.07137  0.1217 0.06738
 0.672  0.05573 0.10626 0.14845 0.03742
 0.676   0.0808 0.08534 0.16096 0.01908
  0.68  0.05649 0.13184 0.16365 0.02568
 0.684  0.02242 0.14739  0.1443 0.04992
 0.688  0.03833 0.11924 0.15875 0.04511
 0.692  0.03238 0.10773 0.15576 0.01797
 0.696   0.0786  0.0997 0.16854   0.06
  0.7   0.08695 0.12063 0.17135 0.03237
 0.704  0.07378 0.08888 0.17134  0.0338
 0.708  0.04926 0.12265 0.13622 -0.00865
 0.712  0.01809 0.11029 0.15551 0.04255
 0.716  0.02643  0.1437 0.15554 0.02194
  0.72   0.042  0.12892  0.1647 -0.0035
 0.724  0.05424 0.14168 0.16074 0.01387
 0.728  0.03943 0.12836 0.17605 0.01912
 0.732  0.05978 0.14098 0.12229 -0.01994
 0.736  0.03765 0.15343 0.13765 -0.03659
  0.74  0.05873  0.119  0.15399 -0.02505
 0.744  0.03836 0.16482 0.16864 -0.04156
 0.748   0.0433 0.14339 0.15823 -0.02099
 0.752  0.08105 0.12684 0.16828 0.00684
 0.756  0.07677 0.16844 0.14365 -0.02348
  0.76  0.01813 0.19543 0.13117 -0.02904
 0.764  0.00444 0.18126 0.13815 -0.01326
 0.768  0.01414 0.16219  0.1182 -0.07087
 0.772  -0.0041 0.16139 0.11208 -0.05222
 0.776  -0.0139 0.18273 0.11441 -0.07739
  0.78  -0.003050.16624 0.10714 -0.12444
 0.784  0.00629 0.16193 0.12128 -0.0748
 0.788  -0.006860.17148 0.10323 -0.09567
 0.792  -0.026430.20941 0.10557 -0.0863
 0.796  -0.0067  0.1906 0.10451 -0.07452
  0.8   -0.019150.18314 0.14455 -0.13642
 0.804  -0.045070.19956 0.12161 -0.08839
 0.808  0.00475 0.24126 0.11029 -0.10143
 0.812  -0.006490.21877 0.09785 -0.09999
 0.816  -0.022510.20488 0.12805 -0.10459
  0.82  0.0002440.18289 0.12165 -0.13525
 0.824   0.0264 0.21365 0.10456 -0.14382
 0.828  -0.004860.24179 0.11346 -0.11644
 0.832  0.00501  0.2489 0.13083 -0.11426
 0.836  -0.041620.27069 0.13535 -0.11233
  0.84  -0.0484 0.23325 0.14722 -0.10314
 0.844  0.0004320.26204 0.13643 -0.09314
 0.848  0.04393 0.25673 0.14534 -0.11739
 0.852  0.00426 0.29733 0.15306 -0.10834
 0.856  0.00655 0.30294 0.14884 -0.08675
  0.86  0.00935 0.29952 0.13463 -0.06751
 0.864  0.04276 0.29595  0.1698 -0.06568
 0.868  -0.003110.31021 0.15199 -0.06402
 0.872  -4.5E-050.30006 0.18159 -0.02266
 0.876  0.00404 0.28289 0.17689 -0.04418
  0.88  0.02295 0.30677 0.14474 -0.0521
 0.884  0.02108 0.30215 0.12067 -0.04548
 0.888  0.04619 0.28838 0.13889 -0.03974
 0.892  0.02937 0.29646 0.16599 -0.07209
 0.896  0.02132 0.27395 0.12569 -0.07521
  0.9   -0.024870.29293 0.14603 -0.04671
 0.904  0.00783 0.28041  0.1354 -0.05323
 0.908  -0.004210.29781 0.12755 -0.05053
 0.912  -0.0044 0.27036 0.13866 -0.03395
 0.916  -0.004860.27102 0.13262  -0.028
  0.92  0.01394 0.29649 0.09177 -0.00826
 0.924  0.00939 0.26901 0.13053 -0.01814
 0.928  -0.003410.28832 0.16296 -0.04737
 0.932  0.02956 0.27487 0.11471 -0.01064
 0.936  0.04741 0.28137 0.12342 -0.00357
  0.94  0.01432 0.26269 0.12549 -0.03002
 0.944  0.06662 0.27016  0.1426 -0.02844
 0.948  0.06993 0.26592 0.17663 -0.03131
 0.952  0.07457 0.27963 0.14687 -0.03282
 0.956  0.03802 0.27758 0.14526 -0.00945
