         GO-OH  GO-OH-SV GO-OH-DV GO-OH-SW
   0     0.0188 -0.02274-0.018883.5E-05
 0.004  0.35279 0.36547 0.38168  0.4388
 0.008   0.5696 0.55679 0.50986 0.58295
 0.012  0.79493 0.71499 0.69033 0.78605
 0.016  0.99563 0.97659 0.90861 1.03123
  0.02  1.18284 1.14048 1.10653 1.13857
 0.024  1.30973 1.27389 1.29816 1.35184
 0.028   1.5118 1.43748 1.41115 1.50288
 0.032  1.66324 1.56932 1.57631  1.6219
 0.036  1.85284 1.75121 1.72086 1.81897
  0.04  1.90909 1.93343  1.8997 1.86933
 0.044   2.0323 2.04179 2.00611 2.00087
 0.048  2.11789 2.14007 2.04334  2.1147
 0.052  2.27936 2.20997 2.19281 2.20175
 0.056  2.29891 2.34008 2.24764 2.28942
  0.06  2.34334  2.4096 2.25744 2.46923
 0.064  2.39077 2.42218 2.34384  2.3702
 0.068  2.44701 2.53074 2.42927 2.43565
 0.072  2.51242 2.56112 2.41369 2.53113
 0.076   2.4694 2.54368 2.46343 2.51315
  0.08  2.44926 2.58655 2.44899 2.49023
 0.084  2.48474 2.58395  2.5093 2.45799
 0.088  2.45709 2.54875 2.52264 2.48419
 0.092  2.39613 2.54294  2.5461 2.49727
 0.096  2.41451 2.53359 2.48233 2.45139
  0.1    2.4298 2.46054 2.46015 2.41539
 0.104  2.41648 2.43449 2.51335 2.34132
 0.108  2.37015 2.47753 2.56068 2.31315
 0.112  2.34316  2.4613 2.44178 2.21159
 0.116  2.26933 2.30855 2.35935 2.21656
  0.12  2.25365 2.22565 2.27877 2.18767
 0.124  2.21961 2.20738 2.28873 2.18385
 0.128  2.15526 2.15337  2.2109 2.14764
 0.132  2.16674 2.08993 2.19504 2.11145
 0.136  2.20592 2.01805 2.14708 2.05201
  0.14  2.11335 1.93881 2.08668 1.97495
 0.144  2.11071 1.95859 2.06948 1.94285
 0.148  2.04472 1.89048 2.09636 1.88654
 0.152  2.06753 1.91946  2.0217 1.90457
 0.156  2.02333 1.89697 1.97635 1.86938
  0.16  1.96997 1.75537 1.97753 1.84415
 0.164  1.91451 1.78631 1.95811 1.83159
 0.168  1.87341 1.82176 1.89875 1.75438
 0.172  1.82624 1.82997 1.94689  1.7506
 0.176  1.71155 1.77147 1.88244 1.65845
  0.18  1.72801 1.75263 1.83778 1.59017
 0.184  1.67473 1.74882  1.8727 1.62362
 0.188  1.67285 1.79543 1.80374 1.58308
 0.192  1.63819 1.77003 1.77511 1.52183
 0.196   1.569  1.68717 1.69582 1.52613
  0.2   1.58735 1.69275 1.66348 1.51116
 0.204   1.5363 1.66483 1.65619  1.4636
 0.208  1.55977  1.5874 1.58794 1.44295
 0.212  1.46879  1.6033 1.51231 1.37738
 0.216  1.46667 1.62856 1.54513 1.34061
  0.22  1.48228 1.58132 1.49102 1.34451
 0.224  1.40144 1.48736 1.48258 1.22347
 0.228  1.34873 1.50593  1.4617 1.25484
 0.232  1.37074 1.44608  1.4416 1.27405
 0.236  1.38733 1.44325  1.3629 1.24169
  0.24  1.33743  1.4386 1.36621 1.23433
 0.244  1.33357 1.35386 1.41728 1.24281
 0.248   1.2924 1.34481  1.3782 1.14079
 0.252  1.27806 1.32281 1.31873 1.11914
 0.256  1.25475 1.25906 1.32307 1.17052
  0.26  1.12815 1.27541 1.28342 1.14978
 0.264  1.16432 1.28225 1.28195 1.11402
 0.268  1.09469 1.22818 1.25098 1.15933
 0.272   1.0757 1.23408 1.24209 1.12145
 0.276  1.04041 1.18198 1.24234 1.06001
  0.28  1.01217 1.13562  1.177  1.04413
 0.284  0.97898 1.06533 1.16115 1.00615
 0.288  0.97533  1.0362 1.18599 1.03314
 0.292  0.96081 1.00745  1.1081 0.99721
 0.296  0.93387  0.965   1.0728 0.89752
  0.3   0.88428 0.91976 1.12984 0.90124
 0.304   0.8462 0.89469 1.09025 0.92804
 0.308  0.84544 0.90258 1.03372  0.8704
 0.312  0.77871 0.84795 1.00958 0.80411
 0.316  0.84271  0.7844 0.93922 0.73713
  0.32  0.84063 0.84062 1.00727 0.72934
 0.324  0.82013 0.81518 0.98108 0.68517
 0.328  0.78183 0.78647 0.91977 0.73914
 0.332  0.69703 0.74788 0.90262 0.68709
 0.336  0.65509 0.68482 0.87219 0.66354
  0.34  0.71571 0.68743 0.86266 0.62651
 0.344   0.7247 0.64082 0.87573 0.63052
 0.348  0.66301 0.67132 0.81279  0.594
 0.352  0.60931 0.62323 0.78136 0.59676
 0.356  0.57684 0.60985  0.7135  0.5387
  0.36  0.57521 0.55398 0.68593 0.55973
 0.364  0.54185 0.55407 0.65435 0.52194
 0.368  0.48203 0.51475 0.62463 0.48475
 0.372  0.46576 0.50398 0.57393 0.46417
 0.376  0.40662 0.46184 0.53372 0.43575
  0.38  0.37275 0.42279 0.53302 0.45511
 0.384  0.32222 0.39982 0.50817 0.43807
 0.388  0.32006 0.30142 0.46818 0.42016
 0.392  0.35679 0.21975 0.47613  0.4173
 0.396  0.27542 0.31695 0.40786 0.33728
  0.4    0.3227 0.33263 0.39841 0.29909
 0.404  0.28331  0.2881 0.41029 0.28122
 0.408  0.29359 0.23055 0.34023 0.23447
 0.412  0.22527 0.22841 0.33127 0.25176
 0.416  0.18964 0.19809 0.33101 0.18394
  0.42  0.17026 0.21849 0.28751 0.22953
 0.424  0.25177 0.18625  0.2777 0.20576
 0.428  0.21974  0.1759  0.2838 0.17062
 0.432  0.16579 0.11417 0.26621 0.14726
 0.436   0.168  0.13201 0.23857  0.153
  0.44  0.14043 0.10493 0.23296 0.20752
 0.444  0.17116  0.0992 0.16262 0.17541
 0.448  0.20606 0.09624 0.18623 0.14771
 0.452  0.21199 0.11896 0.17693 0.11953
 0.456  0.21477 0.13976 0.12891 0.13933
  0.46  0.19611 0.12055 0.09939 0.13767
 0.464   0.2353 0.08636 0.08623 0.10208
 0.468  0.19328 0.01774 0.03989 0.09644
 0.472  0.16699 0.03196 0.04793 0.08118
 0.476  0.13561 0.06803 0.00957 0.03195
  0.48  0.13469 0.02324 0.00674 0.05153
 0.484  0.12683 0.03115 -0.042320.07114
 0.488  0.11742 0.03152 -0.038930.05723
 0.492   0.0691 -0.00291-0.02837-0.00787
 0.496  0.09039 0.01132 -0.07126-0.00399
  0.5   0.13774 0.04666 -0.02398-0.03762
 0.504  0.15605 -0.01202-0.05061-0.0403
 0.508  0.11078 -0.0298 -0.07806-0.01177
 0.512  0.14974 -0.06998-0.079420.02428
 0.516  0.10836 -0.00729-0.039820.02655
  0.52  0.08992 -0.01818-0.0469 0.03602
 0.524  0.05116 -0.06653 -0.078 0.05249
 0.528  0.10789 -0.01654-0.105040.09142
 0.532  0.11951 0.03721 -0.05668 0.0875
 0.536  0.06593  0.0439 -0.059120.04861
  0.54  0.04342 -0.03398-0.106940.09624
 0.544   0.0393 -0.02579-0.083490.10765
 0.548  0.07053 -0.02866 -0.065 0.12396
 0.552  0.10263 0.03446 -0.058410.12092
 0.556  0.07254 -0.00655-0.062820.18024
  0.56  0.05296 -0.01047-0.098230.14841
 0.564  0.02777 0.00981 -0.105670.12495
 0.568  0.03717 -0.02686-0.11696 0.1495
 0.572   0.0764 -0.01276-0.123120.16868
 0.576  0.07779 0.00505 -0.124070.14797
  0.58  0.05483 5.24E-05-0.105080.18686
 0.584  0.02759 0.02419 -0.128340.16121
 0.588  0.04941 0.07961 -0.107010.19349
 0.592  0.03357 0.07766 -0.125570.21288
 0.596  0.04075  0.0796 -0.138510.22199
  0.6   0.05068 0.11482 -0.131360.17842
 0.604  0.00525 0.09874 -0.122210.15818
 0.608  -0.0084 0.11485 -0.1085  0.2105
 0.612  9.84E-050.10588 -0.073310.24391
 0.616  -0.010220.12183 -0.124110.21924
  0.62  0.03801 0.12639 -0.126120.26122
 0.624  0.01467 0.09374 -0.105110.23594
 0.628  0.01679  0.1436 -0.096130.23058
 0.632  0.04629 0.18458 -0.114950.22524
 0.636  0.07549 0.14637 -0.103060.24274
  0.64  0.03925 0.14126 -0.100470.21595
 0.644  0.02132 0.14333 -0.078570.20605
 0.648  0.01304 0.18221 -0.068290.23817
 0.652  0.04531 0.17039 -0.037750.22916
 0.656  0.02712 0.19122 -0.04859 0.231
  0.66  0.06402 0.14177 -0.059810.19328
 0.664  0.05659 0.17504 -0.09779 0.2502
 0.668  0.05629 0.20611 -0.084020.26071
 0.672  0.01853 0.21944 -0.033190.22251
 0.676  0.03408 0.20958 -0.04143 0.2473
  0.68  0.05324 0.20044 -0.028050.19839
 0.684  0.03346 0.23966  0.0289 0.24395
 0.688  0.01917  0.2871 0.01148  0.2297
 0.692  0.01789 0.25394 -0.000480.18393
 0.696  0.05537  0.2743  -0.065 0.19142
  0.7   0.01719 0.25143 -0.046030.20105
 0.704  0.03456 0.21526 -0.01442 0.157
 0.708  0.00996 0.23411 -0.042650.16168
 0.712  0.05101 0.24101 -0.024490.20625
 0.716  0.02266 0.25602 0.01195 0.20555
  0.72  0.01097  0.225  0.04799 0.17891
 0.724  0.03565 0.25386 0.05712 0.11755
 0.728  0.07518 0.22619  0.1134 0.13623
 0.732  0.03509 0.17354 0.07498 0.14121
 0.736  0.05095 0.22094 0.05679  0.1509
  0.74  0.03981 0.27755 0.07522 0.17735
 0.744  0.05112  0.2201 0.07149  0.1467
 0.748  0.06857 0.23516  0.0627  0.153
 0.752  0.04105 0.23118  0.057  0.13281
 0.756  0.09846  0.1812 0.08402 0.14817
  0.76  0.07898 0.23648 0.08341 0.14675
 0.764  0.06519  0.2257 0.08186 0.18058
 0.768  -0.003490.22552 0.06209 0.21424
 0.772  -0.000760.22577 0.05141 0.20939
 0.776  0.04699 0.21983  0.0928 0.16864
  0.78  0.04877 0.21436 0.09177 0.17373
 0.784  -0.008980.24566 0.12854 0.21975
 0.788  -0.024610.24837 0.10343 0.19619
 0.792  -0.046910.25555 0.12097 0.20936
 0.796  -0.063950.19807 0.06681 0.16122
  0.8   -0.045590.20777 0.10841 0.18622
 0.804  -0.04497 0.1942 0.08324 0.16369
 0.808  -0.021640.20474 0.07864 0.17113
 0.812  -0.063980.17301 0.07625  0.1482
 0.816  -0.037520.16859 0.02874 0.22591
  0.82  -0.031960.14108 0.04577 0.21745
 0.824  -0.025390.13962 0.03504 0.19712
 0.828  -0.034750.14449  0.0591 0.17025
 0.832  -0.049530.13278 0.03715 0.17873
 0.836  -0.034770.12169 0.04004 0.18075
  0.84  -0.042220.14562 0.02973 0.19917
 0.844  -0.08916 0.1525 0.03674 0.18092
 0.848  -0.044670.11815  0.0523  0.1826
 0.852  -0.020730.09425  0.031   0.1751
 0.856  -0.049480.07945 0.01503 0.19723
  0.86  -0.058920.10162 0.00389 0.16167
 0.864  -0.060130.10736 0.00324 0.16025
 0.868  -0.056570.07273  0.0049 0.16696
 0.872  -0.062930.04055 -0.022950.16533
 0.876  -0.02128 0.0231 0.00816 0.18103
  0.88  -0.037840.01962 -0.012290.13801
 0.884  -0.072680.02264 0.00501 0.15209
 0.888  -0.081470.00703 -0.000730.18222
 0.892  -0.065160.04187 -0.024580.18886
 0.896  -0.0992  0.026  -0.01433 0.1753
  0.9   -0.09256-0.000490.0005640.16637
 0.904  -0.077330.01455 0.00675 0.17997
 0.908  -0.12255 0.0164 0.00792 0.18539
 0.912  -0.10884-0.04033-0.023750.17485
 0.916  -0.12609-0.06506-0.056310.21391
  0.92  -0.13726-0.07995-0.060510.22973
 0.924  -0.13154-0.07757-0.041030.22912
 0.928  -0.11963-0.01733-0.054090.19275
 0.932  -0.11325-0.03374-0.053770.18952
 0.936  -0.12202-0.08981-0.033820.18618
  0.94  -0.11399-0.08893-0.0789 0.24684
 0.944  -0.10772-0.08281-0.10639 0.2096
 0.948  -0.11669-0.03573-0.0976 0.19026
 0.952  -0.10354-0.04456-0.081230.18231
 0.956  -0.09452-0.07374-0.109090.14005
