        Without    Gr     GO-O   GO-OH  GO-COOH
       0 -0.02081 0.04254 0.01388  0.0188 -0.01475
 0.004  0.17361 0.33843 0.41186 0.35279 0.34367
 0.008  0.29788 0.55711 0.60441  0.5696 0.58939
 0.012  0.33265 0.72182 0.78578 0.79493 0.75372
 0.016  0.45604 0.91219 0.96089 0.99563 0.91691
  0.02  0.48482 1.04569 1.14299 1.18284 1.11017
 0.024  0.60554 1.18122 1.30995 1.30973 1.30967
 0.028  0.69919 1.37608 1.52938  1.5118 1.47622
 0.032  0.74558 1.47929 1.61923 1.66324 1.58296
 0.036  0.85736 1.56287 1.63827 1.85284 1.71176
  0.04  0.85909 1.71836 1.76339 1.90909 1.86574
 0.044  0.92169 1.77424 1.89568  2.0323 1.97541
 0.048  1.02296 1.80557 1.93607 2.11789 2.05396
 0.052  1.01482 1.86068 2.01849 2.27936  2.1335
 0.056  1.08905 1.83459 2.11555 2.29891 2.23628
  0.06  1.09605  1.9067 2.19057 2.34334 2.39411
 0.064  1.15139 1.89661  2.1797 2.39077 2.45483
 0.068  1.17638 1.86954 2.18505 2.44701 2.47124
 0.072  1.21894 1.91236 2.24823 2.51242 2.51704
 0.076  1.21985 1.91767 2.27195  2.4694 2.53576
  0.08  1.24417 1.92016 2.31198 2.44926 2.59777
 0.084   1.2396 1.95957 2.27213 2.48474 2.55015
 0.088  1.28402 2.05137 2.29419 2.45709 2.51438
 0.092  1.24607 1.98558 2.34273 2.39613 2.54015
 0.096  1.29961 1.98339 2.24737 2.41451 2.49739
  0.1   1.36677 2.04536 2.19475  2.4298 2.55225
 0.104   1.3904 2.09213 2.22448 2.41648  2.4391
 0.108  1.35698 2.06659 2.23985 2.37015 2.44758
 0.112  1.37664 2.00542 2.22119 2.34316 2.47885
 0.116  1.46298 2.10661 2.18474 2.26933 2.43367
  0.12  1.45744 2.10867 2.12056 2.25365 2.36702
 0.124  1.51225  2.1123 2.09977 2.21961 2.30049
 0.128  1.52542 2.07258 2.11135 2.15526 2.28167
 0.132  1.48514 2.07411 2.12381 2.16674 2.22352
 0.136  1.46093 2.03551  2.0287 2.20592 2.14986
  0.14  1.50902 2.07262 1.98142 2.11335  2.1669
 0.144  1.43041 2.10323  1.9727 2.11071 2.08275
 0.148  1.47174 2.09051 1.93669 2.04472 2.02656
 0.152  1.42858 2.07946 1.90186 2.06753 2.06781
 0.156  1.48417 2.02958 1.89973 2.02333 1.98462
  0.16  1.46688 1.94973 1.81139 1.96997 1.89445
 0.164  1.44469 1.92354  1.757  1.91451 1.82313
 0.168   1.4577 1.91197 1.79222 1.87341 1.76842
 0.172  1.43263 1.85028 1.78093 1.82624 1.75823
 0.176  1.42139 1.87761 1.73116 1.71155  1.7333
  0.18  1.42975 1.72523 1.73726 1.72801 1.79669
 0.184   1.4113 1.70993 1.67191 1.67473 1.77599
 0.188  1.36991 1.59963 1.65757 1.67285 1.69386
 0.192  1.37789 1.54691 1.56612 1.63819 1.65545
 0.196  1.42225 1.57778 1.47127  1.569  1.65607
  0.2   1.39557 1.52494 1.44462 1.58735 1.65399
 0.204  1.34309 1.47452  1.3957  1.5363 1.66235
 0.208  1.35365 1.44055   1.47  1.55977 1.55879
 0.212   1.3125 1.40003 1.43363 1.46879 1.52615
 0.216  1.26397 1.35906 1.34204 1.46667 1.54245
  0.22   1.2465 1.35785 1.33465 1.48228 1.50921
 0.224  1.22104 1.33453 1.33327 1.40144  1.4192
 0.228  1.19448 1.36258 1.33197 1.34873  1.3325
 0.232  1.12774 1.36527 1.25163 1.37074 1.30397
 0.236  1.08234 1.31849 1.21941 1.38733 1.25373
  0.24  0.98483 1.31815  1.1944 1.33743  1.2262
 0.244  0.91728 1.33782 1.15907 1.33357 1.18928
 0.248  0.78095 1.30852 1.17674  1.2924 1.20444
 0.252  0.58176 1.28288 1.15999 1.27806 1.13238
 0.256  0.31469  1.3114 1.06233 1.25475 1.13016
  0.26  0.05578 1.32317 1.06996 1.12815 1.12838
 0.264  -0.161091.36278 1.07536 1.16432 1.11519
 0.268  -0.322051.29536 1.09636 1.09469 1.02379
 0.272  -0.3461 1.25528 1.08846  1.0757 1.05214
 0.276  -0.422951.26755 1.00769 1.04041 0.99987
  0.28  -0.3104 1.25262 0.96266 1.01217 0.96693
 0.284  -0.227891.17493 1.02363 0.97898 1.00652
 0.288  -0.099531.07376 0.95147 0.97533 0.92649
 0.292   0.0751 0.96255 0.91206 0.96081 0.88152
 0.296  0.18555  1.0087 0.90216 0.93387 0.85101
  0.3    0.1791 0.91913 0.86365 0.88428 0.78516
 0.304  0.16756 0.90704 0.86362  0.8462 0.78437
 0.308  0.08724 0.82745 0.85912 0.84544 0.75758
 0.312  -0.033210.77334 0.81218 0.77871 0.71801
 0.316  -0.113160.77051 0.83169 0.84271 0.67193
  0.32  -0.145420.75167 0.83152 0.84063 0.66307
 0.324  -0.15149 0.6579 0.74061 0.82013 0.68873
 0.328  -0.111210.69672 0.72442 0.78183 0.57069
 0.332  -0.000570.65807 0.71243 0.69703 0.61435
 0.336  0.06509 0.62325 0.69806 0.65509 0.54404
  0.34   0.0997 0.62325 0.67933 0.71571 0.57217
 0.344   0.1218 0.55068 0.68705  0.7247 0.54049
 0.348  0.05099 0.50299 0.66073 0.66301 0.50988
 0.352  -0.016010.48884 0.64101 0.60931 0.48502
 0.356  -0.0467 0.54301 0.66837 0.57684 0.49058
  0.36  -0.112440.55675 0.63882 0.57521 0.42261
 0.364  -0.113990.52939 0.61535 0.54185 0.39383
 0.368  -0.0809  0.4836 0.57365 0.48203 0.37829
 0.372  -0.00021 0.4472 0.64009 0.46576 0.34465
 0.376   0.0353 0.48398  0.6373 0.40662 0.29674
  0.38  0.08699 0.44266 0.65287 0.37275 0.31232
 0.384  0.07632 0.38533 0.57649 0.32222 0.25789
 0.388   0.0745  0.4007  0.5894 0.32006 0.21569
 0.392  0.00526 0.42355 0.58634 0.35679 0.19395
 0.396  -0.043460.41549 0.55855 0.27542 0.20351
  0.4   -0.067550.38635 0.62441  0.3227 0.17018
 0.404  -0.088470.36485 0.46982 0.28331 0.16029
 0.408  -0.085070.31479 0.50196 0.29359 0.15438
 0.412  -0.035720.31533 0.48796 0.22527 0.13657
 0.416  0.02015 0.31561 0.46363 0.18964 0.10854
  0.42  0.02919 0.32982 0.46578 0.17026 0.15698
 0.424  0.09043 0.27111 0.51405 0.25177 0.21439
 0.428  0.04135 0.32829 0.39922 0.21974 0.17122
 0.432  -0.019250.30657 0.37809 0.16579 0.13665
 0.436  -0.010240.28386 0.40597  0.168  0.12834
  0.44  -0.036110.25027 0.37208 0.14043 0.16521
 0.444  -0.069610.25461 0.34239 0.17116  0.1192
 0.448  -0.078560.27264 0.36507 0.20606 0.17164
 0.452  -0.024070.23636 0.31177 0.21199 0.10236
 0.456  -0.014520.23711 0.29339 0.21477 0.06408
  0.46  0.02007 0.17413 0.29723 0.19611 0.08021
 0.464  0.03606 0.21836 0.27444  0.2353 0.07415
 0.468  0.01223 0.22955 0.24723 0.19328 0.08857
 0.472  0.06302 0.27845 0.25071 0.16699 0.07304
 0.476  0.04134 0.30713 0.28104 0.13561 0.06017
  0.48  -0.000130.27122 0.24001 0.13469 0.11567
 0.484  -0.025430.22899 0.27731 0.12683 0.13775
 0.488  -0.049710.25955 0.23692 0.11742 0.07534
 0.492  -0.087210.26611 0.25633  0.0691 0.07311
 0.496  -0.049340.20822 0.24852 0.09039 0.06396
  0.5   0.03256 0.20693 0.23595 0.13774 0.09265
 0.504   0.0396 0.19703 0.22137 0.15605 0.14298
 0.508  0.02699 0.20574 0.21343 0.11078 0.11291
 0.512   0.0568 0.20501  0.2654 0.14974  0.1094
 0.516  0.04103 0.26288 0.28284 0.10836 0.08689
  0.52  0.00701 0.28708 0.23098 0.08992 0.03438
 0.524  -0.055460.21137 0.19973 0.05116 0.12189
 0.528  -0.078460.26777 0.16832 0.10789 0.10723
 0.532  -0.055320.25786 0.18855 0.11951 0.06727
 0.536  -0.033880.30309 0.21006 0.06593 0.12898
  0.54  0.01333 0.28092 0.17667 0.04342 0.12004
 0.544  0.05389 0.23468 0.15986  0.0393 0.16214
 0.548  0.00176 0.24191 0.18098 0.07053 0.08866
 0.552  0.03923 0.26356 0.16036 0.10263 0.10204
 0.556  0.01451  0.2228  0.1453 0.07254 0.06133
  0.56   0.0041 0.21116 0.09191 0.05296 0.05779
 0.564  -0.022110.25438 0.13025 0.02777 0.10258
 0.568  -0.054930.21446 0.13586 0.03717 0.10205
 0.572  -0.045490.19015 0.10504  0.0764 0.05513
 0.576  -0.00715 0.1788 0.10153 0.07779 0.09487
  0.58  -0.016320.18984 0.14504 0.05483 0.10638
 0.584  0.01201 0.20036 0.11829 0.02759 0.08902
 0.588  0.02235 0.17148 0.13625 0.04941 0.09541
 0.592  0.00903 0.20655 0.10451 0.03357 0.05545
 0.596  -0.003360.19419 0.07149 0.04075 0.07693
  0.6   -0.002980.17389  0.0931 0.05068 0.06375
 0.604  0.01985 0.19612 0.09649 0.00525 0.05688
 0.608  0.02392 0.14707 0.11315 -0.0084 0.07777
 0.612  -0.010270.13281 0.09428 9.84E-050.04256
 0.616  -0.0335 0.21781 0.05236 -0.010220.08345
  0.62  -0.016620.21655 0.03201 0.03801 0.06505
 0.624  -0.036780.24075 0.03888 0.01467 0.05267
 0.628   0.0177 0.24401 0.01674 0.01679 0.09653
 0.632  0.00334 0.24731 0.01048 0.04629 0.09009
 0.636  -0.013760.24078 0.08868 0.07549 0.11289
  0.64  -0.0081 0.26443 0.04466 0.03925 0.04163
 0.644  8.87E-050.25298 0.07175 0.02132 0.08358
 0.648   0.0426 0.27666 -0.000890.01304 0.06094
 0.652  0.02018 0.24609  0.0281 0.04531 0.06156
 0.656  0.01912 0.27323 -0.013770.02712 0.07094
  0.66  -0.002630.24357 -0.035490.06402 0.07693
 0.664  -0.047280.27102 -0.014540.05659 0.08279
 0.668  -0.052770.28609 -0.013050.05629 0.10297
 0.672  -0.01561 0.2641 0.00352 0.01853 0.05573
 0.676  -0.020740.30494 0.01864 0.03408  0.0808
  0.68  0.04033 0.25685 0.01245 0.05324 0.05649
 0.684  0.04229 0.23892 -0.002740.03346 0.02242
 0.688  0.02474 0.27043 -0.012070.01917 0.03833
 0.692  0.00702 0.28012 0.01662 0.01789 0.03238
 0.696  -0.004210.24734 0.00969 0.05537  0.0786
  0.7   -0.035430.21544 0.03122 0.01719 0.08695
 0.704  0.0009930.20352 0.04281 0.03456 0.07378
 0.708  -0.041390.23152 0.03756 0.00996 0.04926
 0.712  -0.025640.21318 -0.012130.05101 0.01809
 0.716  0.00128 0.19074 -0.023470.02266 0.02643
  0.72  0.00619 0.21661 0.01067 0.01097  0.042
 0.724  0.04882 0.18047 0.02955 0.03565 0.05424
 0.728  0.01596 0.21346 0.02876 0.07518 0.03943
 0.732  0.0005020.24632 0.03465 0.03509 0.05978
 0.736  -0.002620.23802  0.0223 0.05095 0.03765
  0.74  -0.03327 0.2545 0.01468 0.03981 0.05873
 0.744  -0.006890.25264 0.01804 0.05112 0.03836
 0.748  -0.02603 0.2261 -0.005980.06857  0.0433
 0.752  0.02095 0.22037 -0.002480.04105 0.08105
 0.756  0.01654 0.22012 -0.002170.09846 0.07677
  0.76  -0.013750.23338 0.01078 0.07898 0.01813
 0.764  0.00286 0.27208 -0.022130.06519 0.00444
 0.768   0.0033 0.28698 -0.01116-0.003490.01414
 0.772  -0.001460.24136 0.00413 -0.00076-0.0041
 0.776   0.0098 0.24802 -0.023280.04699 -0.0139
  0.78  0.0009220.30507 0.0002420.04877 -0.00305
 0.784  0.00212 0.28496 -0.03457-0.008980.00629
 0.788  -0.013240.28442 -0.03047-0.02461-0.00686
 0.792  0.01391 0.28561 -0.01851-0.04691-0.02643
 0.796  -0.016380.26219 0.00355 -0.06395-0.0067
