               200K        300K         400K        500K
0       	0       	0       	0       	0
0.0375	0       	0       	0       	0
0.1125	0       	0       	0       	0
0.1875	0       	0       	0       	0
0.2625	0       	0       	0       	0
0.3375	0           	0          	0           	0
0.4125	0         	0         	0         	0
0.4875	0         	0         	0          	0
0.5625	0        	0         	0          	0
0.6375	0         	0           	0        	0
0.7125	0        	0           	0         	0
0.7875	0          	0         	0	        0
0.8625	0        	0          	0          	0
0.9375	0            	0          	0        	0
1.0125	0         	0           	0            	0
1.0875	0        	0         	0            	0
1.1625	0        	0           	0         	0
1.2375	0          	0        	0         	0
1.3125	0       	0        	0         	0
1.3875	0       	0        	0        	0
1.4625	0        	0          	0         	0
1.5375	0       	0         	0         	0
1.6125	0        	0         	0         	0
1.6875	0         	0         	0        	0
1.7625	0          	0        	0          	0
1.8375	0           	0          	0         	0
1.9125	0          	0           	0         	0
1.9875	0        	0           	0            	0
2.0625	0       	3.71E-5	7.85E-4	0.00137
2.1375	0.00216	0.0037	0.02144	0.0187
2.2125	0.0667	0.05489	0.13983	0.10612
2.2875	0.37117	0.262	0.37974	0.26335
2.3625	0.76824	0.58525	0.61513	0.42939
2.4375	0.95988	0.82744	0.7332	0.54026
2.5125	0.91373	0.87148	0.73908	0.56159
2.5875	0.77616	0.80194	0.68646	0.54014
2.6625	0.65483	0.68948	0.6285	0.49265
2.7375	0.56287	0.59186	0.56996	0.44074
2.8125	0.49851	0.49994	0.51533	0.39603
2.8875	0.44371	0.4247	0.46867	0.35073
2.9625	0.42299	0.36526	0.44026	0.3172
3.0375	0.42937	0.32441	0.41083	0.29964
3.1125	0.43865	0.29274	0.38805	0.27472
3.1875	0.43895	0.28827	0.3706	0.2614
3.2625	0.42712	0.28804	0.3573	0.25162
3.3375	0.40144	0.29382	0.34418	0.25447
3.4125	0.37794	0.31011	0.34041	0.25412
3.4875	0.34661	0.33072	0.34331	0.25533
3.5625	0.31839	0.3481	0.33754	0.26238
3.6375	0.29765	0.36905	0.34935	0.27235
3.7125	0.28539	0.38516	0.35901	0.28697
3.7875	0.29232	0.39503	0.37491	0.2989
3.8625	0.30859	0.3946	0.39486	0.31138
3.9375	0.33807	0.38971	0.41086	0.32458
4.0125	0.3761	0.38307	0.43005	0.33788
4.0875	0.41459	0.39703	0.44282	0.35646
4.1625	0.44588	0.41976	0.45255	0.3716
4.2375	0.46623	0.45336	0.45683	0.39143
4.3125	0.46958	0.48672	0.45248	0.40352
4.3875	0.45268	0.51013	0.45363	0.41619
4.4625	0.41396	0.52526	0.45615	0.41929
4.5375	0.39412	0.53142	0.45987	0.41739
4.6125	0.40444	0.52653	0.47255	0.41711
4.6875	0.43584	0.51877	0.48474	0.4201
4.7625	0.45801	0.51248	0.49414	0.41378
4.8375	0.48694	0.50719	0.50269	0.41808
4.9125	0.51343	0.51322	0.50584	0.41762
4.9875	0.54892	0.52619	0.50937	0.42344
5.0625	0.5747	0.54743	0.52319	0.42968
5.1375	0.58428	0.56036	0.52464	0.44025
5.2125	0.58782	0.55865	0.53144	0.44736
5.2875	0.58225	0.54812	0.53429	0.46295
5.3625	0.58787	0.54055	0.53506	0.46913
5.4375	0.59473	0.53768	0.54211	0.47935
5.5125	0.60657	0.54809	0.54575	0.48296
5.5875	0.63279	0.56363	0.55309	0.48641
5.6625	0.65967	0.58659	0.56214	0.49195
5.7375	0.68404	0.60917	0.57098	0.49159
5.8125	0.68161	0.62717	0.58023	0.49326
5.8875	0.66352	0.63577	0.58818	0.49994
5.9625	0.65382	0.6326	0.59859	0.50451
6.0375	0.65523	0.62626	0.60778	0.51513
6.1125	0.66945	0.61844	0.61421	0.52388
6.1875	0.67806	0.60961	0.62282	0.53356
6.2625	0.68397	0.6064	0.62548	0.54177
6.3375	0.68154	0.60906	0.63256	0.55027
6.4125	0.69897	0.61072	0.63335	0.56183
6.4875	0.70987	0.62247	0.63893	0.56815
6.5625	0.71989	0.63602	0.6443	0.57776
6.6375	0.72459	0.64902	0.6475	0.58651
6.7125	0.7247	0.67288	0.64362	0.59383
6.7875	0.72817	0.69382	0.64532	0.595
6.8625	0.72985	0.70682	0.64328	0.59881
6.9375	0.72603	0.72111	0.64598	0.59995
7.0125	0.71289	0.72324	0.64899	0.60341
7.0875	0.69111	0.72259	0.65771	0.60756
7.1625	0.67727	0.71326	0.66882	0.60814
7.2375	0.67617	0.7099	0.67818	0.61237
7.3125	0.69196	0.7016	0.68916	0.62036
7.3875	0.70576	0.69816	0.69858	0.62405
7.4625	0.71015	0.69148	0.70567	0.63208
7.5375	0.70627	0.693	0.71355	0.63448
7.6125	0.70154	0.69013	0.71949	0.64165
7.6875	0.69867	0.68558	0.72638	0.64738
7.7625	0.69806	0.68082	0.73355	0.65163
7.8375	0.69623	0.67679	0.74131	0.65286
7.9125	0.69187	0.67914	0.75217	0.6598
7.9875	0.69178	0.68502	0.75836	0.66503
8.0625	0.69844	0.68943	0.76689	0.67297
8.1375	0.70616	0.70051	0.77313	0.67848
8.2125	0.71539	0.71589	0.77702	0.68593
8.2875	0.72628	0.72834	0.78101	0.69316
8.3625	0.74577	0.73876	0.77601	0.69588
8.4375	0.77039	0.74486	0.77192	0.70188
8.5125	0.79981	0.74914	0.77055	0.70688
8.5875	0.81474	0.75402	0.76697	0.70886
8.6625	0.81119	0.76558	0.76494	0.71447
8.7375	0.79544	0.77312	0.76582	0.71712
8.8125	0.77413	0.7836	0.76409	0.71881
8.8875	0.76381	0.78834	0.76167	0.72436
8.9625	0.768	0.78569	0.7592	0.72797
9.0375	0.7771	0.78232	0.75634	0.73218
9.1125	0.78511	0.77275	0.75343	0.73812
9.1875	0.78601	0.76659	0.75486	0.74449
9.2625	0.77993	0.76189	0.75742	0.74625
9.3375	0.77615	0.75814	0.76294	0.75315
9.4125	0.77178	0.75922	0.76639	0.75853
9.4875	0.7759	0.7644	0.7664	0.75846
9.5625	0.78992	0.77142	0.76946	0.76629
9.6375	0.8079	0.7818	0.77142	0.76566
9.7125	0.82609	0.79007	0.77704	0.76713
9.7875	0.83256	0.798	0.78475	0.76631
9.8625	0.83312	0.7999	0.78894	0.76541
9.9375	0.82755	0.80653	0.7926	0.76554
10.0125	0.82084	0.80252	0.79481	0.76538
10.0875	0.82208	0.80053	0.80096	0.76358
10.1625	0.83419	0.79884	0.80039	0.76684
10.2375	0.84715	0.79975	0.79925	0.76729
10.3125	0.85752	0.80704	0.801	0.77075
10.3875	0.866	0.81924	0.79934	0.77472
10.4625	0.86668	0.83338	0.79942	0.776
10.5375	0.86002	0.8458	0.79831	0.77745
10.6125	0.85362	0.85263	0.79734	0.78072
10.6875	0.84422	0.85736	0.80017	0.78246
10.7625	0.84026	0.85672	0.8029	0.78763
10.8375	0.84322	0.85362	0.80363	0.78761
10.9125	0.84816	0.84996	0.80806	0.789
10.9875	0.85751	0.84691	0.81115	0.7895
11.0625	0.87278	0.8454	0.81332	0.79254
11.1375	0.89047	0.84367	0.81727	0.79371
11.2125	0.89889	0.84729	0.82461	0.79638
11.2875	0.89506	0.84463	0.83346	0.79981
11.3625	0.87742	0.84603	0.84527	0.80269
11.4375	0.86433	0.84793	0.85755	0.80779
11.5125	0.85521	0.85452	0.87088	0.81196
11.5875	0.84925	0.86237	0.88016	0.81839
11.6625	0.84447	0.86968	0.88873	0.82293
11.7375	0.83624	0.87433	0.89344	0.82686
11.8125	0.82499	0.87622	0.89687	0.83278
11.8875	0.81035	0.873	0.89702	0.83791
11.9625	0.79959	0.86864	0.89584	0.84343
12.0375	0.79527	0.86539	0.88752	0.84386
12.1125	0.80402	0.85877	0.8825	0.85421
12.1875	0.82175	0.85784	0.87298	0.8603
12.2625	0.83817	0.85766	0.86461	0.86495
12.3375	0.85192	0.86188	0.85567	0.86728
12.4125	0.86427	0.86697	0.84939	0.87138
12.4875	0.88213	0.87198	0.84473	0.86911
12.5625	0.90079	0.87781	0.84354	0.8677
12.6375	0.91308	0.88056	0.84279	0.86731
12.7125	0.91333	0.88065	0.84441	0.86318
12.7875	0.90283	0.87834	0.84749	0.86181
12.8625	0.89056	0.87068	0.8519	0.86149
12.9375	0.88192	0.86486	0.8578	0.8621
13.0125	0.88276	0.85695	0.86288	0.86651
13.0875	0.8845	0.84859	0.86842	0.86688
13.1625	0.88496	0.84422	0.87021	0.87049
13.2375	0.87995	0.84951	0.87034	0.87419
13.3125	0.87454	0.85637	0.86921	0.87537
13.3875	0.88295	0.8662	0.86694	0.87649
13.4625	0.89682	0.87151	0.86531	0.87532
13.5375	0.91126	0.87632	0.86619	0.87632
13.6125	0.92033	0.87352	0.86751	0.87287
13.6875	0.92012	0.86767	0.86973	0.87254
13.7625	0.91077	0.86704	0.8732	0.87007
13.8375	0.89945	0.86956	0.87614	0.86795
13.9125	0.89064	0.87647	0.87701	0.87058
13.9875	0.88424	0.88763	0.87662	0.87353
14.0625	0.88451	0.89859	0.87539	0.87513
14.1375	0.88986	0.90554	0.87441	0.8785
14.2125	0.89349	0.9126	0.8723	0.88354
14.2875	0.89658	0.91628	0.87526	0.88637
14.3625	0.89923	0.9195	0.87811	0.88825
14.4375	0.90346	0.92002	0.88377	0.89111
14.5125	0.90326	0.91622	0.8915	0.89393
14.5875	0.90086	0.914	0.89861	0.89342
14.6625	0.89938	0.90858	0.908	0.89544
14.7375	0.90044	0.90633	0.91483	0.89513
14.8125	0.9036	0.90702	0.92017	0.89854
14.8875	0.9063	0.91109	0.9231	0.89718
14.9625	0.90741	0.91332	0.92462	0.89992