                   200K         300K      400K          500K                
0                0.0334	0.01388	0.03513	-0.07253
-0.004	-0.28884	-0.32427	-0.28787	-0.41146
-0.008	-0.52804	-0.57656	-0.4564	-0.52942
-0.012	-0.74864	-0.80374	-0.74286	-0.71761
-0.016	-0.97944	-1.04243	-0.94876	-0.94385
-0.02	        -1.19252	-1.19349	-1.05863	-1.08621
-0.024	-1.34673	-1.4316	-1.32651	-1.19533
-0.028	-1.50493	-1.5478	-1.50979	-1.3394
-0.032	-1.79579	-1.71774	-1.66578	-1.49405
-0.036	-1.97281	-2.00386	-1.86839	-1.60178
-0.04  	-2.1641	-2.13168	-2.01655	-1.71353
-0.044	-2.31698	-2.2961	-2.12715	-1.82076
-0.048	-2.49569	-2.41369	-2.32869	-1.95655
-0.052	-2.67327	-2.57569	-2.47963	-2.03431
-0.056	-2.84946	-2.69684	-2.585	-2.11941
-0.06 	-2.98533	-2.70533	-2.78658	-2.22351
-0.064	-3.11326	-2.9108	-2.78967	-2.40235
-0.068	-3.20655	-3.06906	-2.99649	-2.60051
-0.072	-3.32172	-3.2011	-2.89183	-2.63828
-0.076	-3.44681	-3.38047	-3.10914	-2.84603
-0.08 	-3.5187	-3.4737	-3.20536	-2.79233
-0.084	-3.64094	-3.59741	-3.3277	-2.96796
-0.088	-3.71325	-3.60432	-3.44241	-2.89829
-0.092	-3.83362	-3.66976	-3.51938	-2.88112
-0.096	-3.93081	-3.77931	-3.5551	-3.0189
-0.1   	-3.96593	-3.75551	-3.51104	-3.04309
-0.104	-4.05059	-3.99541	-3.5418	-3.1042
-0.108	-4.07655	-3.95672	-3.68781	-3.15038
-0.112	-4.17711	-3.9908	-3.61358	-3.16557
-0.116	-4.14817	-4.07713	-3.6337	-3.21488
-0.12 	-4.15602	-4.14431	-3.69919	-3.3327
-0.124	-4.16176	-4.15345	-3.69587	-3.36699
-0.128	-4.22916	-4.10561	-3.76756	-3.4778
-0.132	-4.16351	-4.19459	-3.78575	-3.3579
-0.136	-4.1805	-4.21859	-3.72197	-3.34308
-0.14	        -4.15487	-4.26481	-3.70764	-3.46361
-0.144	-4.144	-4.21309	-3.67931	-3.49333
-0.148	-4.15029	-4.18171	-3.75095	-3.50344
-0.152	-4.16843	-4.23616	-3.71152	-3.5316
-0.156	-4.12995	-4.16688	-3.66075	-3.39456
-0.16 	-4.10502	-4.17348	-3.77327	-3.41235
-0.164	-4.0968	-4.15857	-3.75392	-3.45073
-0.168	-4.06553	-4.14416	-3.78731	-3.44335
-0.172	-4.01502	-4.00047	-3.79472	-3.3825
-0.176	-4.0143	-4.02038	-3.78771	-3.46534
-0.18 	-4.09289	-3.98167	-3.74621	-3.5787
-0.184	-4.12981	-3.89265	-3.71549	-3.49868
-0.188	-4.02532	-3.84445	-3.72205	-3.52067
-0.192	-3.97376	-3.81061	-3.59834	-3.5244
-0.196	-3.91131	-3.78507	-3.58269	-3.56564
-0.2   	-3.90343	-3.78509	-3.58661	-3.51222
-0.204	-3.88099	-3.71717	-3.5165	-3.47355
-0.208	-3.82576	-3.7402	-3.52759	-3.43104
-0.212	-3.8558	-3.73878	-3.56428	-3.43781
-0.216	-3.79352	-3.67964	-3.48292	-3.48075
-0.22 	-3.89749	-3.65655	-3.53691	-3.43704
-0.224	-3.83739	-3.67797	-3.61119	-3.3097
-0.228	-3.83159	-3.55806	-3.43573	-3.3755
-0.232	-3.79249	-3.57588	-3.35932	-3.32903
-0.236	-3.69565	-3.51284	-3.37541	-3.39036
-0.24 	-3.6175	-3.51321	-3.35467	-3.25514
-0.244	-3.70828	-3.43264	-3.37077	-3.29415
-0.248	-3.71529	-3.36965	-3.34944	-3.33243
-0.252	-3.67935	-3.34443	-3.32663	-3.35274
-0.256	-3.57701	-3.40624	-3.382	-3.29954
-0.26 	-3.54062	-3.37088	-3.24234	-3.34811
-0.264	-3.45702	-3.28982	-3.21099	-3.30707
-0.268	-3.47028	-3.32073	-3.18329	-3.17166
-0.272	-3.44688	-3.28464	-3.26151	-3.09326
-0.276	-3.40417	-3.26073	-3.14923	-3.0373
-0.28 	-3.40515	-3.30424	-3.15997	-3.04811
-0.284	-3.32858	-3.25046	-3.11688	-2.96121
-0.288	-3.3367	-3.27391	-3.12525	-3.04922
-0.292	-3.33585	-3.21944	-3.08241	-3.00399
-0.296	-3.32998	-3.232	-3.00796	-3.00926
-0.3   	-3.37131	-3.18813	-2.96843	-2.96775
-0.304	-3.39132	-3.2427	-2.95231	-2.99201
-0.308	-3.37948	-3.16031	-2.8688	-2.88267
-0.312	-3.39756	-3.19257	-2.86974	-2.87809
-0.316	-3.36637	-3.22332	-2.88948	-2.87245
-0.32 	-3.39717	-3.23211	-2.82409	-2.92487
-0.324	-3.39832	-3.13092	-2.81311	-2.89642
-0.328	-3.31821	-3.05406	-2.77614	-2.81486
-0.332	-3.31409	-3.11164	-2.81486	-2.82734
-0.336	-3.34601	-3.07249	-2.75898	-2.75437
-0.34 	-3.30139	-3.05407	-2.64796	-2.82852
-0.344	-3.36549	-2.96334	-2.65189	-2.78842
-0.348	-3.40193	-2.90998	-2.67921	-2.80907
-0.352	-3.31953	-2.96374	-2.66217	-2.80579
-0.356	-3.28243	-3.04596	-2.62085	-2.82625
-0.36 	-3.29115	-3.00569	-2.67059	-2.79758
-0.364	-3.32867	-2.97982	-2.66693	-2.8049
-0.368	-3.30427	-2.93345	-2.6497	-2.74306
-0.372	-3.27794	-2.97982	-2.73812	-2.68671
-0.376	-3.29466	-2.92467	-2.68137	-2.76308
-0.38 	-3.26056	-2.92469	-2.67449	-2.56447
-0.384	-3.35464	-2.8588	-2.60687	-2.57869
-0.388	-3.41135	-2.95584	-2.63486	-2.60762
-0.392	-3.35777	-2.95932	-2.53458	-2.61615
-0.396	-3.3402	-2.95891	-2.61198	-2.61783
-0.4   	-3.34059	-2.9159	-2.66851	-2.58697
-0.404	-3.29064	-2.97721	-2.59119	-2.59671
-0.408	-3.33894	-2.92777	-2.57523	-2.61301
-0.412	-3.24664	-2.90325	-2.57939	-2.62947
-0.416	-3.25404	-2.88452	-2.62867	-2.70945
-0.42  	-3.26584	-2.98996	-2.63422	-2.67853
-0.424	-3.25779	-2.95852	-2.6519	-2.62808
-0.428	-3.25782	-2.92485	-2.61753	-2.59777
-0.432	-3.23413	-2.87578	-2.70532	-2.57445
-0.436	-3.23229	-2.93097	-2.71321	-2.52902
-0.44	        -3.20334	-2.90223	-2.72716	-2.49605
-0.444	-3.2597	-2.92044	-2.74078	-2.55954
-0.448	-3.251	-2.9271	-2.82955	-2.48847
-0.452	-3.25076	-2.85902	-2.85606	-2.51767
-0.456	-3.22306	-2.97097	-2.83985	-2.63089
-0.46 	-3.27543	-2.99232	-2.79957	-2.57383
-0.464	-3.22832	-2.97224	-2.85793	-2.53507
-0.468	-3.20779	-3.00494	-2.82341	-2.5067
-0.472	-3.20705	-3.07642	-2.84191	-2.6417
-0.476	-3.21397	-3.04998	-2.78797	-2.64895
-0.48 	-3.21821	-3.06184	-2.81724	-2.61977
-0.484	-3.14945	-3.11768	-2.81205	-2.59768
-0.488	-3.15626	-3.14449	-2.74632	-2.62433
-0.492	-3.19188	-3.02561	-2.73274	-2.54331
-0.496	-3.16926	-3.09649	-2.64351	-2.61698
-0.5   	-3.10759	-3.05652	-2.7825	-2.54182
-0.504	-3.15779	-3.09268	-2.60976	-2.59026
-0.508	-3.14573	-3.08648	-2.74352	-2.60579
-0.512	-3.21578	-3.15704	-2.62065	-2.67293
-0.516	-3.2478	-3.06947	-2.67672	-2.60678
-0.52 	-3.23139	-2.99441	-2.79816	-2.5713
-0.524	-3.28269	-2.94609	-2.73238	-2.60558
-0.528	-3.28127	-3.13688	-2.6972	-2.59265
-0.532	-3.28472	-3.07524	-2.77693	-2.62904
-0.536	-3.30199	-3.03525	-2.83831	-2.66837
-0.54  	-3.30583	-3.09587	-2.85	-2.60777
-0.544	-3.38932	-3.09629	-2.82536	-2.70921
-0.548	-3.3777	-3.081	-2.81689	-2.67995
-0.552	-3.40771	-3.08175	-2.96586	-2.77526
-0.556	-3.34106	-3.18989	-2.91851	-2.71544
-0.56 	-3.40668	-3.09656	-3.00215	-2.70454
-0.564	-3.43834	-3.06677	-3.00814	-2.65861
-0.568	-3.42053	-2.98215	-3.02864	-2.77896
-0.572	-3.32605	-3.09494	-3.02958	-2.72704
-0.576	-3.29232	-3.05948	-3.10522	-2.71847
-0.58 	-3.35843	-3.02178	-3.07276	-2.86141
-0.584	-3.3729	-3.06156	-3.07148	-2.7219
-0.588	-3.36193	-3.02561	-3.07258	-2.77992
-0.592	-3.29188	-3.06602	-3.09281	-2.70878
-0.596	-3.31336	-3.12519	-3.08987	-2.82417
-0.6   	-3.41914	-3.20342	-3.16797	-2.84395
-0.604	-3.35476	-3.23552	-3.08845	-2.81757
-0.608	-3.39496	-3.23235	-3.08868	-2.81718
-0.612	-3.37709	-3.32666	-3.03366	-2.85591
-0.616	-3.39882	-3.35821	-3.05224	-2.84492
-0.62 	-3.3839	-3.32715	-3.02413	-2.78566
-0.624	-3.42645	-3.29611	-3.18165	-2.89813
-0.628	-3.4302	-3.35988	-3.18966	-2.88547
-0.632	-3.441	-3.36734	-3.10707	-2.88106
-0.636	-3.48	-3.34857	-3.17252	-2.98894
-0.64 	-3.49799	-3.36563	-3.18454	-2.94444
-0.644	-3.46608	-3.43354	-3.05526	-3.00692
-0.648	-3.4571	-3.44913	-3.11217	-2.9599
-0.652	-3.49272	-3.48909	-3.21383	-3.01414
-0.656	-3.52184	-3.54403	-3.15101	-3.07279
-0.66 	-3.54429	-3.55107	-2.98502	-3.01152
-0.664	-3.5256	-3.56463	-3.06447	-2.98781
-0.668	-3.5023	-3.60375	-3.1714	-2.99677
-0.672	-3.45444	-3.67886	-3.16978	-3.07897
-0.676	-3.49259	-3.66944	-3.22296	-3.01067
-0.68 	-3.45785	-3.64267	-3.22818	-3.08268
-0.684	-3.47179	-3.70715	-3.16899	-3.11116
-0.688	-3.49852	-3.69047	-3.17895	-3.1396
-0.692	-3.58005	-3.79386	-3.21132	-3.11393
-0.696	-3.62938	-3.81108	-3.21585	-3.13505
-0.7   	-3.67095	-3.87606	-3.19666	-3.1331
-0.704	-3.73873	-3.93286	-3.19598	-3.10161
-0.708	-3.77712	-3.83145	-3.2801	-3.14131
-0.712	-3.79444	-3.93282	-3.33319	-3.22976
-0.716	-3.85062	-3.97581	-3.26981	-3.24671
-0.72	        -3.87062	-3.98785	-3.31734	-3.22449
-0.724	-3.87469	-4.03106	-3.42889	-3.20523
-0.728	-3.8797	-4.00143	-3.44302	-3.19788
-0.732	-3.88965	-4.02506	-3.53859	-3.25429
-0.736	-3.91226	-3.93295	-3.49742	-3.31024
-0.74 	-3.86521	-3.98596	-3.39174	-3.37961
-0.744	-3.89699	-3.98503	-3.47898	-3.36094
-0.748	-3.99397	-3.97477	-3.41029	-3.49865
-0.752	-4.02182	-3.94677	-3.52391	-3.50968
-0.756	-4.17538	-3.93916	-3.64297	-3.69784
-0.76 	-4.23888	-3.96794	-3.8416	-3.79734
-0.764	-4.34721	-4.03271	-3.92652	-3.88576
-0.768	-4.42171	-4.10002	-4.11179	-3.9312
-0.772	-4.55332	-4.12534	-4.06611	-4.06506
-0.776	-4.7182	-4.09641	-4.11674	-4.20777
-0.78 	-4.85344	-4.23093	-4.28279	-4.21936
-0.784	-4.97919	-4.23945	-4.3507	-4.45659
-0.788	-5.05662	-4.36635	-4.46064	-4.74721
-0.792	-5.18189	-4.34999	-4.43969	-4.90106
-0.796	-5.21538	-4.39528	-4.41607	-4.99075
-0.8   	-5.30712	-4.42542	-4.52468	-5.06475
-0.804	-5.39681	-4.46438	-4.54802	-5.13047
-0.808	-5.61978	-4.50309	-4.64439	-5.33055
-0.812	-5.79655	-4.7275	-4.73952	-5.52517
-0.816	-5.96494	-4.73236	-4.90005	-5.73235
-0.82 	-6.03201	-4.77475	-4.97935	-5.9602
-0.824	-6.19373	-4.89789	-5.08056	-6.23403
-0.828	-6.34851	-5.00062	-5.20657	-6.40718
-0.832	-6.40281	-5.11303	-5.15756	-6.44524
-0.836	-6.44453	-5.33122	-5.21397	-6.6105
-0.84	        -6.39198	-5.4139	-5.26896	-6.59184
-0.844	-6.31417	-5.57639	-5.45826	-6.72167
-0.848	-6.37664	-5.8223	-5.53414	-6.83308
-0.852	-6.23601	-6.09283	-5.61949	-6.73726
-0.856	-6.31013	-6.49797	-5.57653	-6.52232
-0.86 	-6.628	-6.85379	-5.65925	-6.49039
-0.864	-7.0239	-7.13156	-5.71533	-6.63984
-0.868	-7.46935	-7.38785	-5.75125	-6.9495
-0.872	-8.03489	-7.88426	-5.9519	-7.05057
-0.876	-8.66661	-8.44009	-6.31643	-7.34129
-0.88 	-9.35406	-9.12552	-6.88784	-7.54091
-0.884	-10.1337	-9.68442	-7.31642	-7.66402
-0.888	-10.9375	-10.1922	-7.78085	-7.48773
-0.892	-11.8934	-10.786	-8.47026	-7.27394
-0.896	-13.249	-11.5349	-9.33694	-6.96368
-0.9   	-14.927	-12.4624	-10.4665	-6.95981
-0.904	-16.7802	-13.49	-11.9366	-7.19606
-0.908	-18.3549	-14.9949	-13.7339	-7.46304
-0.912	-19.7175	-16.8473	-15.8603	-7.78594
-0.916	-21.5488	-19.7704	-18.3211	-8.32005
-0.92	        -24.7451	-23.9915	-21.76	-9.10745
-0.924	-29.7372	-30.5281	-26.8702	-10.1928
-0.928	-35.9948	-37.7845	-33.4153	-12.0328
-0.932	-41.1524	-41.8873	-39.6762	-14.6276
-0.936	-43.3288	-42.7294	-43.4068	-17.2668
-0.94 	-44.7181	-43.4332	-46.1085	-20.5197
-0.944	-49.7701	-48.5273	-49.9386	-27.4338
-0.948	-61.4967	-60.9124	-59.4178	-39.8202
-0.952	-76.0752	-78.3846	-76.9692	-54.9271
-0.956	-85.7126	-91.3979	-86.093	-68.2399