                  200K        300K         400K        500K
0          	0.01541	0.04254	0.01741	0.00671
0.004	0.35928	0.33843	0.36237	0.32518
0.008	0.56598	0.55711	0.54976	0.4306
0.012	0.81654	0.72182	0.72196	0.67833
0.016	1.01903	0.91219	0.79766	0.75457
0.02  	1.15492	1.04569	0.9317	0.86886
0.024	1.31809	1.18122	1.0829	1.06623
0.028	1.42566	1.37608	1.18613	1.14223
0.032	1.50467	1.47929	1.35969	1.22253
0.036	1.63839	1.56287	1.43919	1.31881
0.04  	1.70891	1.71836	1.58503	1.36758
0.044	1.85622	1.77424	1.60257	1.40233
0.048	1.90053	1.80557	1.6159	1.42743
0.052	1.94549	1.86068	1.6346	1.50212
0.056	1.91108	1.83459	1.64741	1.49022
0.06  	1.94508	1.9067	1.71506	1.50198
0.064	1.92926	1.89661	1.66432	1.45582
0.068	1.94835	1.86954	1.67323	1.48663
0.072	1.96708	1.91236	1.73684	1.4609
0.076	1.98644	1.91767	1.71765	1.4688
0.08  	2.03767	1.92016	1.76492	1.47595
0.084	2.05008	1.95957	1.70737	1.50696
0.088	2.05644	2.05137	1.68703	1.51416
0.092	2.05401	1.98558	1.73912	1.47968
0.096	2.06319	1.98339	1.80245	1.46193
0.1    	2.11552	2.04536	1.82898	1.52705
0.104	2.15419	2.09213	1.75244	1.48503
0.108	2.19092	2.06659	1.82973	1.53406
0.112	2.19182	2.00542	1.80669	1.50995
0.116	2.22985	2.10661	1.82144	1.49075
0.12  	2.26752	2.10867	1.86224	1.47679
0.124	2.23407	2.1123	1.79095	1.42842
0.128	2.18175	2.07258	1.78611	1.44679
0.132	2.20906	2.07411	1.84563	1.55492
0.136	2.22261	2.03551	1.81834	1.54055
0.14  	2.22525	2.07262	1.88485	1.64298
0.144	2.19725	2.10323	1.89036	1.57216
0.148	2.17247	2.09051	1.82286	1.52802
0.152	2.15826	2.07946	1.80138	1.55718
0.156	2.11852	2.02958	1.82216	1.59417
0.16  	2.07333	1.94973	1.79628	1.55812
0.164	2.03646	1.92354	1.77704	1.54502
0.168	1.98007	1.91197	1.76913	1.53603
0.172	1.94039	1.85028	1.78966	1.46262
0.176	1.88177	1.87761	1.73516	1.43925
0.18  	1.77965	1.72523	1.70258	1.55362
0.184	1.75069	1.70993	1.56973	1.49034
0.188	1.73308	1.59963	1.53979	1.40649
0.192	1.6914	1.54691	1.44214	1.33405
0.196	1.70873	1.57778	1.41162	1.37773
0.2    	1.68077	1.52494	1.32008	1.28047
0.204	1.64234	1.47452	1.34908	1.29843
0.208	1.56653	1.44055	1.29945	1.35142
0.212	1.55868	1.40003	1.36602	1.22596
0.216	1.556	1.35906	1.31993	1.18234
0.22  	1.56591	1.35785	1.29043	1.07892
0.224	1.54112	1.33453	1.25283	1.07563
0.228	1.51706	1.36258	1.25168	1.04661
0.232	1.50203	1.36527	1.22274	1.08297
0.236	1.42999	1.31849	1.18911	1.02529
0.24  	1.42869	1.31815	1.28873	0.99589
0.244	1.47281	1.33782	1.21384	0.91858
0.248	1.46314	1.30852	1.16733	1.0198
0.252	1.51466	1.28288	1.25734	0.97438
0.256	1.54846	1.3114	1.25522	0.96924
0.26  	1.53851	1.32317	1.19825	0.9578
0.264	1.55664	1.36278	1.19514	0.97041
0.268	1.55102	1.29536	1.14967	1.05309
0.272	1.52174	1.25528	1.18754	1.08148
0.276	1.44623	1.26755	1.22604	1.06281
0.28  	1.38873	1.25262	1.19598	1.02606
0.284	1.33931	1.17493	1.16949	1.00382
0.288	1.35321	1.07376	1.14892	0.96725
0.292	1.3956	0.96255	1.19143	0.99635
0.296	1.3325	1.0087	1.14018	0.98148
0.3    	1.29495	0.91913	1.07015	0.94032
0.304	1.26334	0.90704	1.02556	0.96783
0.308	1.24017	0.82745	0.98384	0.89875
0.312	1.2772	0.77334	0.95393	0.91556
0.316	1.23336	0.77051	0.95823	0.82499
0.32  	1.20676	0.75167	0.90824	0.74007
0.324	1.1625	0.6579	0.81788	0.69208
0.328	1.12677	0.69672	0.78119	0.71841
0.332	1.1368	0.65807	0.76677	0.67808
0.336	1.16281	0.62325	0.68511	0.73605
0.34  	1.09906	0.62325	0.71135	0.63939
0.344	1.08977	0.55068	0.66107	0.63956
0.348	1.02981	0.50299	0.59964	0.63974
0.352	1.06273	0.48884	0.57872	0.57261
0.356	1.0493	0.54301	0.54064	0.55897
0.36  	1.03163	0.55675	0.5571	0.59083
0.364	1.02061	0.52939	0.54388	0.41202
0.368	0.94923	0.4836	0.52938	0.46512
0.372	0.91339	0.4472	0.53139	0.50652
0.376	0.95086	0.48398	0.5127	0.42051
0.38  	0.95814	0.44266	0.56058	0.41294
0.384	0.95393	0.38533	0.58125	0.43184
0.388	0.90536	0.4007	0.51902	0.43062
0.392	0.85221	0.42355	0.52641	0.41561
0.396	0.82437	0.41549	0.58334	0.45214
0.4    	0.7657	0.38635	0.61299	0.50182
0.404	0.81227	0.36485	0.58625	0.44641
0.408	0.82085	0.31479	0.49826	0.45364
0.412	0.78382	0.31533	0.48955	0.48338
0.416	0.78379	0.31561	0.5096	0.43647
0.42  	0.7572	0.32982	0.48517	0.54926
0.424	0.78324	0.27111	0.45721	0.49075
0.428	0.76825	0.32829	0.40151	0.41349
0.432	0.69203	0.30657	0.43978	0.40086
0.436	0.70218	0.28386	0.39876	0.38788
0.44  	0.63918	0.25027	0.40443	0.35384
0.444	0.63737	0.25461	0.35903	0.42896
0.448	0.62619	0.27264	0.33683	0.40004
0.452	0.5832	0.23636	0.31894	0.38931
0.456	0.55988	0.23711	0.32551	0.3089
0.46  	0.5567	0.17413	0.26196	0.27895
0.464	0.56598	0.21836	0.35125	0.28371
0.468	0.54845	0.22955	0.30867	0.27185
0.472	0.52595	0.27845	0.29873	0.23288
0.476	0.52382	0.30713	0.29697	0.20856
0.48  	0.45806	0.27122	0.26108	0.17543
0.484	0.49049	0.22899	0.34488	0.17875
0.488	0.47827	0.25955	0.35125	0.17662
0.492	0.46843	0.26611	0.3297	0.12204
0.496	0.43155	0.20822	0.29203	0.1408
0.5    	0.44345	0.20693	0.28208	0.164
0.504	0.42127	0.19703	0.29029	0.16445
0.508	0.38128	0.20574	0.32956	0.15685
0.512	0.4184	0.20501	0.30766	0.23724
0.516	0.41161	0.26288	0.33092	0.25896
0.52  	0.36468	0.28708	0.27593	0.15387
0.524	0.38575	0.21137	0.26917	0.17993
0.528	0.35621	0.26777	0.30611	0.14418
0.532	0.34517	0.25786	0.27555	0.16688
0.536	0.41637	0.30309	0.32161	0.19805
0.54  	0.43386	0.28092	0.28626	0.13927
0.544	0.38117	0.23468	0.30771	0.16895
0.548	0.36365	0.24191	0.33812	0.19583
0.552	0.34548	0.26356	0.31329	0.23791
0.556	0.39027	0.2228	0.28649	0.33711
0.56  	0.38797	0.21116	0.3843	0.26701
0.564	0.33795	0.25438	0.32812	0.29869
0.568	0.33469	0.21446	0.29313	0.23646
0.572	0.30005	0.19015	0.32724	0.23303
0.576	0.31528	0.1788	0.29034	0.26844
0.58  	0.29307	0.18984	0.31202	0.23082
0.584	0.32307	0.20036	0.20651	0.18231
0.588	0.31779	0.17148	0.19492	0.18237
0.592	0.28517	0.20655	0.21831	0.19605
0.596	0.29973	0.19419	0.18176	0.16684
0.6    	0.3227	0.17389	0.16844	0.20937
0.604	0.32579	0.19612	0.18025	0.2329
0.608	0.26761	0.14707	0.14615	0.19511
0.612	0.24531	0.13281	0.12953	0.18197
0.616	0.23476	0.21781	0.10564	0.20993
0.62  	0.28945	0.21655	0.19181	0.17699
0.624	0.30521	0.24075	0.18074	0.12971
0.628	0.24901	0.24401	0.24462	0.07452
0.632	0.27576	0.24731	0.20378	0.10985
0.636	0.27548	0.24078	0.17492	0.13857
0.64  	0.29244	0.26443	0.13454	0.13143
0.644	0.23198	0.25298	0.12104	0.18608
0.648	0.24595	0.27666	0.11751	0.13544
0.652	0.25687	0.24609	0.10929	0.12532
0.656	0.27533	0.27323	0.19684	0.12305
0.66  	0.27786	0.24357	0.22036	0.19237
0.664	0.25079	0.27102	0.17587	0.148
0.668	0.3133	0.28609	0.20269	0.13084
0.672	0.35417	0.2641	0.19321	0.23297
0.676	0.29936	0.30494	0.1001	0.20922
0.68  	0.2821	0.25685	0.0975	0.23303
0.684	0.31334	0.23892	0.0987	0.20824
0.688	0.29186	0.27043	0.14715	0.20104
0.692	0.29992	0.28012	0.11408	0.2506
0.696	0.29692	0.24734	0.10833	0.26395
0.7    	0.28094	0.21544	0.14443	0.25405
0.704	0.30697	0.20352	0.14094	0.23206
0.708	0.27441	0.23152	0.10966	0.18274
0.712	0.34257	0.21318	0.04453	0.15777
0.716	0.27165	0.19074	0.09688	0.18486
0.72  	0.27625	0.21661	0.07908	0.16618
0.724	0.32326	0.18047	0.09819	0.1858
0.728	0.33343	0.21346	0.11787	0.1437
0.732	0.28007	0.24632	0.12028	0.16058
0.736	0.33536	0.23802	0.1259	0.111
0.74  	0.31433	0.2545	0.09016	0.10227
0.744	0.31194	0.25264	0.08005	0.12515
0.748	0.33148	0.2261	0.09116	0.10782
0.752	0.32229	0.22037	0.13627	0.10452
0.756	0.28691	0.22012	0.13669	0.16227
0.76  	0.322	0.23338	0.12596	0.13744
0.764	0.31093	0.27208	0.13709	0.1407
0.768	0.31276	0.28698	0.12971	0.13474
0.772	0.30445	0.24136	0.15573	0.14734
0.776	0.31591	0.24802	0.13631	0.15097
0.78  	0.31716	0.30507	0.10007	0.13548
0.784	0.316	0.28496	0.10083	0.1584
0.788	0.31714	0.28442	0.1048	0.11759
0.792	0.27579	0.28561	0.11959	0.11134
0.796	0.28496	0.26219	0.11425	0.11668
0.8    	0.26157	0.29972	0.12147	0.06767
0.804	0.24468	0.25434	0.07898	0.06653
0.808	0.23376	0.25926	0.12803	0.05612
0.812	0.27997	0.30049	0.07919	0.05573
0.816	0.23283	0.31301	0.11286	0.09894
0.82  	0.27935	0.3396	0.07179	0.0771
0.824	0.28914	0.28565	0.04455	0.09314
0.828	0.2728	0.316	0.0606	0.1229
0.832	0.24143	0.29591	0.03831	0.10817
0.836	0.23454	0.2783	0.04644	0.12181
0.84  	0.23623	0.28368	0.08969	0.14267
0.844	0.25566	0.32894	0.04563	0.0938
0.848	0.25669	0.35897	-0.00232	0.08683
0.852	0.26105	0.3245	-0.0011	0.08114
0.856	0.24898	0.34746	0.00871	0.05958
0.86  	0.23007	0.34128	-0.02733	0.09431
0.864	0.22145	0.32185	-0.02182	0.0646
0.868	0.20285	0.319	0.01928	0.03653
0.872	0.25039	0.34629	0.00436	0.0447
0.876	0.2654	0.28869	0.01573	0.03718
0.88  	0.27016	0.28527	0.02355	0.01059
0.884	0.29601	0.30502	0.05881	-0.00474
0.888	0.31628	0.35321	0.04979	-0.01999
0.892	0.27264	0.31528	0.00719	-0.02694
0.896	0.28828	0.30703	-0.0142	-0.01482
0.9    	0.26818	0.31244	0.03612	0.01471
0.904	0.25058	0.28296	0.04643	0.00646
0.908	0.265	0.31608	0.03765	-0.01465
0.912	0.26692	0.28138	0.07837	-0.05975
0.916	0.28496	0.26563	0.03464	-0.02609
0.92  	0.25976	0.31279	-0.04026	-0.03759
0.924	0.27244	0.29866	0.04081	-0.03608
0.928	0.27274	0.30014	0.04314	-0.07621
0.932	0.2544	0.30812	0.00496	-0.01098
0.936	0.25947	0.32877	0.01425	-0.0387
0.94  	0.27404	0.30606	0.01751	-0.06585
0.944	0.28301	0.30717	0.04739	-0.05453
0.948	0.27432	0.28497	0.01199	-0.02286
0.952	0.24624	0.28003	0.02286	0.01354
0.956	0.2619	0.3113	0.027	-0.03991