           Gr    Gr-SV   Gr-DV   Gr-SW
     0    0.04254 -0.01152-0.02876-0.04511
 0.004  0.33843 0.40481  0.3131  0.3011
 0.008  0.55711 0.59325 0.47695 0.56182
 0.012  0.72182 0.71113 0.61387 0.78353
 0.016  0.91219 0.88116 0.79079 0.93027
  0.02  1.04569 1.04541 0.92587 1.07493
 0.024  1.18122 1.20084 1.15381 1.17956
 0.028  1.37608 1.37403 1.31107 1.41461
 0.032  1.47929 1.46048 1.37797 1.47779
 0.036  1.56287 1.58839 1.50389 1.60373
  0.04  1.71836 1.64181 1.59301 1.69498
 0.044  1.77424 1.70893 1.69507 1.68719
 0.048  1.80557 1.76341 1.70955 1.73658
 0.052  1.86068 1.80737 1.79437 1.93204
 0.056  1.83459 1.81884 1.89506 1.94973
  0.06   1.9067 1.89721 1.97602 1.96153
 0.064  1.89661   1.89   1.9847 1.95335
 0.068  1.86954 1.89195 1.99139 1.95847
 0.072  1.91236 1.89686 2.00363 1.93419
 0.076  1.91767 1.90765  1.9882 1.97051
  0.08  1.92016 1.84106 2.03841  1.9332
 0.084  1.95957 1.85578 2.05256 1.99711
 0.088  2.05137 1.83339  2.0107 1.96176
 0.092  1.98558 1.84979 1.98305 1.91704
 0.096  1.98339 1.85087 2.04921 1.93871
  0.1   2.04536 1.84754 2.01781 1.94408
 0.104  2.09213 1.86592 2.02477 1.89179
 0.108  2.06659 1.90597 1.95564 1.93505
 0.112  2.00542 1.86534 1.98741 1.92407
 0.116  2.10661 1.88412 1.93013 1.91205
  0.12  2.10867 1.90798 1.87456 1.91179
 0.124   2.1123 1.92808 1.87521 1.95171
 0.128  2.07258 1.92269 1.89365  2.0179
 0.132  2.07411 1.89555 1.86517 2.01498
 0.136  2.03551 1.93725  1.7984 1.99005
  0.14  2.07262 1.90492 1.76419 1.96161
 0.144  2.10323 1.91991 1.75189  1.9827
 0.148  2.09051 1.90525  1.8167 1.93939
 0.152  2.07946 1.95492 1.75417 1.97457
 0.156  2.02958 1.95872 1.75808 1.95386
  0.16  1.94973 2.01801 1.77062 1.95255
 0.164  1.92354 1.96849 1.77653 1.91649
 0.168  1.91197 1.98442 1.72662 1.85457
 0.172  1.85028 1.90402 1.76809 1.83383
 0.176  1.87761 1.84479 1.76664 1.68434
  0.18  1.72523 1.79956 1.76349 1.73142
 0.184  1.70993 1.74198  1.7673 1.63977
 0.188  1.59963 1.68771 1.66612 1.59922
 0.192  1.54691 1.59669  1.5715 1.59037
 0.196  1.57778 1.58742 1.58283 1.57348
  0.2   1.52494 1.66738 1.56324 1.51848
 0.204  1.47452 1.54513 1.53537 1.48407
 0.208  1.44055 1.48472 1.54858 1.42491
 0.212  1.40003 1.37549 1.49084 1.40973
 0.216  1.35906 1.37683 1.46244 1.37839
  0.22  1.35785 1.38678 1.40888 1.35565
 0.224  1.33453 1.36977 1.28757  1.3208
 0.228  1.36258 1.28718 1.28771 1.34544
 0.232  1.36527 1.32858 1.25881 1.37375
 0.236  1.31849 1.25838 1.31273 1.38217
  0.24  1.31815 1.22965 1.19292 1.34241
 0.244  1.33782 1.20281 1.13482 1.34098
 0.248  1.30852 1.26345 1.11056 1.32353
 0.252  1.28288 1.23116 1.13407 1.33077
 0.256   1.3114 1.26679 1.08612 1.37724
  0.26  1.32317 1.27171 1.08936  1.3424
 0.264  1.36278 1.24251  1.0143 1.33585
 0.268  1.29536 1.27115 0.96794 1.30904
 0.272  1.25528 1.22087 0.94202 1.31564
 0.276  1.26755   1.16  0.99739 1.28579
  0.28  1.25262 1.14203 0.94292 1.30487
 0.284  1.17493 1.21589 0.90923 1.26006
 0.288  1.07376 1.20492 0.92925 1.25828
 0.292  0.96255  1.1679 0.85431 1.24791
 0.296   1.0087  1.129  0.86492 1.21083
  0.3   0.91913 1.06872  0.8494 1.16824
 0.304  0.90704 1.08099 0.89152  1.1228
 0.308  0.82745 1.04799  0.7976 1.11498
 0.312  0.77334 1.06675  0.7574 1.09937
 0.316  0.77051 0.97484 0.69029 1.06208
  0.32  0.75167 0.97755 0.66483 1.02208
 0.324   0.6579 0.95347 0.67201 1.00922
 0.328  0.69672 0.90938 0.71047 0.91323
 0.332  0.65807 0.82454 0.64437 0.92785
 0.336  0.62325 0.83137 0.66051 0.96557
  0.34  0.62325 0.88306 0.64636 0.91624
 0.344  0.55068 0.89222 0.59004 0.85452
 0.348  0.50299 0.88309 0.57102 0.82078
 0.352  0.48884 0.80095 0.58592 0.83953
 0.356  0.54301 0.75515 0.53233 0.80097
  0.36  0.55675 0.73754 0.47829 0.84342
 0.364  0.52939 0.72925 0.47469 0.78763
 0.368   0.4836 0.68374 0.37017 0.77426
 0.372   0.4472 0.69075 0.42514  0.802
 0.376  0.48398  0.6895 0.46849 0.78805
  0.38  0.44266 0.65161  0.418  0.74071
 0.384  0.38533 0.62381 0.32064 0.72043
 0.388   0.4007 0.66176 0.27264  0.7565
 0.392  0.42355 0.61909 0.29717  0.6906
 0.396  0.41549 0.60575  0.3046 0.65656
  0.4   0.38635  0.6233 0.29397 0.63422
 0.404  0.36485 0.61118 0.24347 0.66119
 0.408  0.31479 0.67966 0.29277 0.74397
 0.412  0.31533 0.60348 0.27278 0.69618
 0.416  0.31561 0.55317 0.24628 0.65054
  0.42  0.32982 0.56218 0.24465 0.59592
 0.424  0.27111 0.54139 0.28397 0.62483
 0.428  0.32829 0.51687 0.29247 0.62074
 0.432  0.30657 0.55455 0.27602 0.58731
 0.436  0.28386 0.52387 0.30036 0.59559
  0.44  0.25027 0.49575 0.31061 0.60104
 0.444  0.25461 0.45824 0.29248 0.53934
 0.448  0.27264 0.47955 0.30705 0.53188
 0.452  0.23636  0.4076 0.32077  0.5144
 0.456  0.23711 0.39561 0.31829 0.54069
  0.46  0.17413 0.43937 0.30135 0.54182
 0.464  0.21836 0.36506 0.27535 0.50715
 0.468  0.22955 0.42333 0.31376 0.46181
 0.472  0.27845 0.40454 0.30064 0.50254
 0.476  0.30713  0.3719  0.2623 0.45187
  0.48  0.27122 0.32456 0.28933 0.47922
 0.484  0.22899 0.32704 0.29042 0.44311
 0.488  0.25955 0.33125 0.28734  0.3724
 0.492  0.26611 0.35543 0.25289 0.41792
 0.496  0.20822 0.36047 0.24606 0.41958
  0.5   0.20693  0.3449 0.22489 0.40824
 0.504  0.19703 0.31622 0.20163  0.4028
 0.508  0.20574 0.31775 0.21268 0.43602
 0.512  0.20501 0.33141  0.2177 0.43231
 0.516  0.26288 0.29575 0.25587  0.3815
  0.52  0.28708 0.31853 0.22686 0.33052
 0.524  0.21137 0.33755 0.22393 0.39266
 0.528  0.26777 0.28695 0.19563 0.35727
 0.532  0.25786 0.35857 0.15764 0.40006
 0.536  0.30309 0.32309  0.1428 0.39199
  0.54  0.28092 0.31907 0.14251 0.40269
 0.544  0.23468 0.26414 0.18941 0.38396
 0.548  0.24191 0.28495 0.22267 0.44487
 0.552  0.26356 0.29194 0.21037 0.40602
 0.556   0.2228 0.27986 0.19345 0.41797
  0.56  0.21116 0.29456 0.16778 0.37166
 0.564  0.25438 0.27902 0.20819 0.32671
 0.568  0.21446 0.27435  0.1847 0.34689
 0.572  0.19015 0.30342 0.22179  0.3063
 0.576   0.1788 0.26722 0.21285 0.29186
  0.58  0.18984 0.28922 0.18708 0.29291
 0.584  0.20036 0.28644 0.20858  0.2898
 0.588  0.17148 0.27505 0.20816 0.30332
 0.592  0.20655  0.2697 0.18445 0.36001
 0.596  0.19419 0.23328 0.18788 0.32415
  0.6   0.17389 0.25329 0.19371 0.23456
 0.604  0.19612 0.27147 0.20815  0.2352
 0.608  0.14707 0.27578  0.2576 0.28845
 0.612  0.13281 0.21376 0.19004 0.26017
 0.616  0.21781 0.21196 0.22001 0.31255
  0.62  0.21655 0.21755  0.189  0.31901
 0.624  0.24075 0.23267 0.16131 0.26403
 0.628  0.24401 0.24371  0.1533 0.26078
 0.632  0.24731 0.22172 0.16363 0.25663
 0.636  0.24078 0.23053 0.14502 0.28867
  0.64  0.26443 0.26555 0.14477 0.27354
 0.644  0.25298  0.2249 0.16533 0.23055
 0.648  0.27666 0.24734 0.19351 0.25905
 0.652  0.24609 0.17862 0.23649 0.23191
 0.656  0.27323 0.15367 0.16955 0.23089
  0.66  0.24357 0.17148 0.20236 0.23259
 0.664  0.27102 0.16214 0.16161 0.21774
 0.668  0.28609  0.187  0.18204 0.21526
 0.672   0.2641 0.19438 0.20192 0.19004
 0.676  0.30494 0.14894 0.17618 0.19578
  0.68  0.25685  0.164  0.22312 0.18823
 0.684  0.23892 0.13615 0.20615  0.1927
 0.688  0.27043 0.17828 0.21072 0.15858
 0.692  0.28012 0.19935 0.20929 0.16379
 0.696  0.24734 0.18035  0.1949 0.11513
  0.7   0.21544 0.16069 0.21815  0.1318
 0.704  0.20352 0.20929 0.23522 0.13844
 0.708  0.23152 0.18651 0.19746 0.10535
 0.712  0.21318 0.19147  0.1764 0.14703
 0.716  0.19074 0.20025   0.2   0.15892
  0.72  0.21661  0.1845 0.24584 0.14526
 0.724  0.18047 0.20557 0.24077 0.11827
 0.728  0.21346 0.15079 0.22382 0.16392
 0.732  0.24632 0.13621 0.23861  0.2092
 0.736  0.23802 0.14328 0.24116  0.1793
  0.74   0.2545 0.14838 0.27122 0.12846
 0.744  0.25264  0.154   0.2604 0.16406
 0.748   0.2261 0.15303 0.21085 0.18629
 0.752  0.22037 0.12921 0.24224 0.17722
 0.756  0.22012 0.12899 0.23171 0.21131
  0.76  0.23338 0.08956 0.23997 0.20544
 0.764  0.27208 0.08246 0.25269 0.12903
 0.768  0.28698 0.07066 0.26099 0.10959
 0.772  0.24136 0.10544 0.27631 0.15662
 0.776  0.24802 0.11737 0.28604 0.17684
  0.78  0.30507 0.10025 0.26295 0.19697
 0.784  0.28496 0.13104 0.24341  0.1355
 0.788  0.28442 0.14642 0.23364 0.15137
 0.792  0.28561 0.06095 0.21954 0.12039
 0.796  0.26219 0.07508 0.20662 0.11825
  0.8   0.29972 0.11432 0.23009 0.12839
 0.804  0.25434 0.13146 0.20672  0.1435
 0.808  0.25926 0.06734 0.22114  0.1103
 0.812  0.30049 0.04083 0.19626 0.12353
 0.816  0.31301 0.04396 0.23662 0.19761
  0.82   0.3396 0.03784 0.21066 0.18512
 0.824  0.28565 0.06927 0.20656  0.1987
 0.828   0.316  0.08722  0.2521 0.16299
 0.832  0.29591 0.12777 0.22751 0.17645
 0.836   0.2783 0.05588 0.23111 0.18001
  0.84  0.28368 0.01196 0.23471 0.22061
 0.844  0.32894 0.00929 0.20483 0.24906
 0.848  0.35897 0.02828 0.16691 0.20549
 0.852   0.3245 0.02934  0.1667 0.23548
 0.856  0.34746 0.01882  0.2069 0.23317
  0.86  0.34128 -0.003750.22436 0.25378
 0.864  0.32185 0.00938 0.20151 0.26485
 0.868   0.319  0.01045 0.18946 0.18905
 0.872  0.34629 -0.035780.22452 0.22267
 0.876  0.28869 0.00663 0.24349 0.20386
  0.88  0.28527 0.00872 0.21316 0.19085
 0.884  0.30502 -0.0159 0.23385 0.19814
 0.888  0.35321 -0.021380.20834 0.17313
 0.892  0.31528 -0.02398 0.2082 0.16859
 0.896  0.30703 -0.00513 0.2207 0.18585
  0.9   0.31244 -0.000620.21403 0.15186
 0.904  0.28296 -0.02626 0.1822 0.16127
 0.908  0.31608 -0.03597 0.2046 0.16914
 0.912  0.28138 0.02211 0.21211  0.158
 0.916  0.26563 0.00384 0.27612 0.20827
  0.92  0.31279 -0.031350.23096 0.21508
 0.924  0.29866 -0.000820.19724 0.18798
 0.928  0.30014 -0.002380.26609 0.20467
 0.932  0.30812 -0.003380.23491 0.18421
 0.936  0.32877  0.0067 0.24591 0.17465
  0.94  0.30606 0.02657 0.24807 0.19525
 0.944  0.30717 0.03352 0.25442 0.19824
 0.948  0.28497 -0.010880.27775 0.21823
 0.952  0.28003 -0.012760.25001 0.19334
 0.956   0.3113 0.00918 0.22047 0.18068
