               200K        300K        400K         500K
0           	0       	0        	0          	0
0.0375	0        	0         	0         	0
0.1125	0         	0         	0         	0
0.1875	0         	0          	0          	0
0.2625	0         	0         	0         	0
0.3375	0            	0         	0         	0
0.4125	0          	0          	0         	0
0.4875	0        	0           	0        	0
0.5625	0         	0        	0           	0
0.6375	0       	0          	0         	0
0.7125	0        	0        	0         	0
0.7875	0        	0        	0          	0
0.8625	0       	0         	0         	0
0.9375	0         	0        	0        	0
1.0125	0         	0        	0        	0
1.0875	0         	0         	0        	0
1.1625	0        	0          	0           	0
1.2375	0        	0          	0        	0
1.3125	0        	0        	0          	0
1.3875	0         	0         	0          	0
1.4625	0        	0         	0         	0
1.5375	0       	0       	0         	0
1.6125	0         	0        	0        	0
1.6875	0           	0        	0           	0
1.7625	0         	0         	0       	0
1.8375	0         	0            	0           	0
1.9125	0          	0           	0          	0
1.9875	0         	0             	0       	0
2.0625	0       	3.13E-4	0.00138	0.00286
2.1375	0.00607	0.02185	0.0328	0.04795
2.2125	0.15698	0.22354	0.22638	0.23228
2.2875	0.74506	0.75818	0.61968	0.55135
2.3625	1.44171	1.26713	0.98316	0.85011
2.4375	1.6533	1.37081	1.09747	0.9745
2.5125	1.44211	1.1955	1.05011	0.95874
2.5875	1.0692	0.93939	0.89987	0.86447
2.6625	0.73568	0.71946	0.74123	0.73627
2.7375	0.51997	0.56102	0.61472	0.63664
2.8125	0.41586	0.45171	0.50015	0.52978
2.8875	0.36419	0.38214	0.41992	0.46003
2.9625	0.33578	0.33603	0.35751	0.40049
3.0375	0.30066	0.30593	0.30962	0.35231
3.1125	0.27226	0.28414	0.28501	0.31705
3.1875	0.25252	0.26919	0.25707	0.29262
3.2625	0.24772	0.2609	0.25067	0.27116
3.3375	0.25297	0.25622	0.24097	0.26203
3.4125	0.25325	0.25879	0.24084	0.26143
3.4875	0.24279	0.27038	0.24097	0.25782
3.5625	0.22674	0.26751	0.24177	0.26744
3.6375	0.21024	0.26781	0.2482	0.27236
3.7125	0.19683	0.27397	0.2564	0.27903
3.7875	0.20124	0.27169	0.26564	0.2844
3.8625	0.22776	0.27138	0.27642	0.29518
3.9375	0.27799	0.2802	0.28471	0.29894
4.0125	0.3338	0.28667	0.2926	0.30972
4.0875	0.38021	0.30184	0.30608	0.31716
4.1625	0.41336	0.32397	0.31995	0.32923
4.2375	0.4303	0.34837	0.33727	0.34039
4.3125	0.44956	0.37306	0.36516	0.35656
4.3875	0.47133	0.40439	0.39285	0.36711
4.4625	0.48813	0.43381	0.42836	0.38441
4.5375	0.50902	0.46065	0.4593	0.39347
4.6125	0.52871	0.47985	0.48318	0.40752
4.6875	0.53538	0.49747	0.49808	0.4169
4.7625	0.53299	0.50294	0.50543	0.42341
4.8375	0.51418	0.50611	0.50844	0.43108
4.9125	0.48368	0.50252	0.50802	0.4346
4.9875	0.4545	0.50341	0.50125	0.4358
5.0625	0.43632	0.5021	0.49784	0.43756
5.1375	0.42709	0.49905	0.49829	0.4379
5.2125	0.43671	0.50145	0.49159	0.43209
5.2875	0.45114	0.49876	0.48139	0.43161
5.3625	0.47545	0.49888	0.4732	0.42755
5.4375	0.48565	0.49338	0.46172	0.4225
5.5125	0.48938	0.48776	0.45386	0.41098
5.5875	0.49406	0.48634	0.44666	0.40086
5.6625	0.49166	0.48883	0.44322	0.39339
5.7375	0.48953	0.486	0.43955	0.38907
5.8125	0.49441	0.48062	0.43404	0.38702
5.8875	0.50808	0.47087	0.43205	0.38461
5.9625	0.51494	0.46407	0.42846	0.38581
6.0375	0.51913	0.45931	0.4297	0.38579
6.1125	0.51099	0.46267	0.43145	0.38631
6.1875	0.49458	0.46529	0.43664	0.3882
6.2625	0.47608	0.46773	0.43961	0.39102
6.3375	0.46114	0.47613	0.44382	0.39688
6.4125	0.45909	0.48151	0.44886	0.40463
6.4875	0.46116	0.4891	0.45553	0.41228
6.5625	0.46447	0.49293	0.46491	0.41799
6.6375	0.46469	0.50233	0.46849	0.42954
6.7125	0.4578	0.51139	0.47552	0.43881
6.7875	0.4546	0.51766	0.47723	0.44909
6.8625	0.45749	0.52504	0.48525	0.46074
6.9375	0.4632	0.52935	0.49304	0.46966
7.0125	0.47782	0.5346	0.49983	0.48086
7.0875	0.48835	0.53493	0.50755	0.48751
7.1625	0.49751	0.53652	0.51819	0.49453
7.2375	0.51162	0.53966	0.52208	0.49941
7.3125	0.5295	0.54092	0.53392	0.50616
7.3875	0.55602	0.54416	0.54029	0.51001
7.4625	0.57869	0.55066	0.54865	0.51733
7.5375	0.60128	0.56001	0.55677	0.52619
7.6125	0.61476	0.57142	0.56416	0.53732
7.6875	0.61806	0.58563	0.5693	0.54693
7.7625	0.62517	0.59269	0.57743	0.55747
7.8375	0.63283	0.5989	0.58918	0.56785
7.9125	0.64208	0.60487	0.59527	0.57981
7.9875	0.64367	0.61453	0.60454	0.58725
8.0625	0.63388	0.62537	0.61663	0.59479
8.1375	0.62197	0.63486	0.62382	0.60188
8.2125	0.61379	0.6393	0.63444	0.60741
8.2875	0.60758	0.64031	0.64196	0.61731
8.3625	0.60889	0.6368	0.64814	0.62011
8.4375	0.61379	0.62961	0.65108	0.62404
8.5125	0.62731	0.6223	0.65149	0.63073
8.5875	0.64472	0.61949	0.65526	0.63573
8.6625	0.66184	0.61672	0.65705	0.63431
8.7375	0.66816	0.61542	0.65581	0.6323
8.8125	0.66984	0.6175	0.65448	0.63362
8.8875	0.66367	0.62449	0.65547	0.63011
8.9625	0.66052	0.62931	0.65202	0.62531
9.0375	0.65796	0.63863	0.65112	0.62378
9.1125	0.66195	0.64648	0.64626	0.6236
9.1875	0.67157	0.6498	0.64268	0.62613
9.2625	0.69138	0.65471	0.63896	0.62698
9.3375	0.71526	0.6566	0.64187	0.63426
9.4125	0.73458	0.65559	0.64415	0.64143
9.4875	0.74573	0.65247	0.65016	0.64696
9.5625	0.74467	0.65412	0.66148	0.65595
9.6375	0.73699	0.6616	0.67201	0.66227
9.7125	0.72544	0.67218	0.67924	0.66853
9.7875	0.71512	0.68705	0.68849	0.6725
9.8625	0.70771	0.70127	0.6911	0.67158
9.9375	0.70343	0.71209	0.69556	0.6747
10.0125	0.70059	0.71859	0.69605	0.67393
10.0875	0.70128	0.72389	0.69668	0.67488
10.1625	0.71118	0.72784	0.69872	0.67458
10.2375	0.72649	0.73255	0.70122	0.67548
10.3125	0.7427	0.73574	0.70741	0.67864
10.3875	0.75164	0.74393	0.71492	0.68357
10.4625	0.75573	0.75096	0.71747	0.68457
10.5375	0.76181	0.75704	0.72441	0.68768
10.6125	0.77109	0.75971	0.72721	0.6905
10.6875	0.77473	0.75854	0.73315	0.69489
10.7625	0.76981	0.7539	0.73521	0.70018
10.8375	0.75989	0.7488	0.74181	0.70146
10.9125	0.74808	0.7443	0.74529	0.70833
10.9875	0.747	0.73647	0.74322	0.71679
11.0625	0.75677	0.73404	0.74225	0.72038
11.1375	0.76922	0.72885	0.73651	0.7249
11.2125	0.77534	0.72539	0.73021	0.72931
11.2875	0.76991	0.72266	0.72416	0.73171
11.3625	0.76074	0.72061	0.71913	0.73275
11.4375	0.74641	0.72138	0.71844	0.73133
11.5125	0.73937	0.72158	0.7145	0.7311
11.5875	0.73629	0.72844	0.7154	0.72899
11.6625	0.74077	0.73654	0.7182	0.72695
11.7375	0.74882	0.74337	0.72313	0.72504
11.8125	0.76237	0.75258	0.73028	0.72417
11.8875	0.7787	0.75909	0.73825	0.72205
11.9625	0.79945	0.7671	0.74921	0.72174
12.0375	0.81657	0.76964	0.76111	0.72239
12.1125	0.8254	0.77081	0.76867	0.72513
12.1875	0.81674	0.77263	0.77978	0.73045
12.2625	0.802	0.77571	0.78684	0.73644
12.3375	0.77841	0.78217	0.79471	0.7408
12.4125	0.7623	0.78854	0.80021	0.74623
12.4875	0.74831	0.8014	0.80509	0.7555
12.5625	0.74829	0.81636	0.80831	0.76044
12.6375	0.75503	0.82657	0.81305	0.7666
12.7125	0.76616	0.83704	0.81737	0.77244
12.7875	0.77807	0.84271	0.81808	0.77994
12.8625	0.79184	0.84483	0.82158	0.78647
12.9375	0.80463	0.84382	0.82048	0.79272
13.0125	0.81781	0.8436	0.81966	0.80068
13.0875	0.83085	0.84201	0.81895	0.80549
13.1625	0.83782	0.84102	0.81755	0.80779
13.2375	0.83936	0.84084	0.81853	0.81148
13.3125	0.83357	0.8389	0.81889	0.81195
13.3875	0.83021	0.83722	0.82032	0.81485
13.4625	0.82395	0.83401	0.82292	0.81812
13.5375	0.81926	0.83047	0.82666	0.82136
13.6125	0.81867	0.82721	0.82885	0.8239
13.6875	0.82001	0.82057	0.82993	0.82813
13.7625	0.82858	0.81795	0.83596	0.83056
13.8375	0.83829	0.8158	0.83688	0.83557
13.9125	0.85095	0.81592	0.84195	0.83831
13.9875	0.86512	0.8149	0.84416	0.84016
14.0625	0.87504	0.81636	0.84591	0.84335
14.1375	0.87991	0.82059	0.84819	0.84719
14.2125	0.87952	0.82461	0.84805	0.84603
14.2875	0.87663	0.8319	0.84745	0.84978
14.3625	0.86866	0.84157	0.84798	0.85323
14.4375	0.86006	0.8508	0.85176	0.85786
14.5125	0.84923	0.86007	0.85343	0.862
14.5875	0.84033	0.86602	0.85684	0.86426
14.6625	0.83425	0.87038	0.85995	0.86429
14.7375	0.83547	0.87085	0.86322	0.8648
14.8125	0.84192	0.86792	0.86497	0.86299
14.8875	0.85356	0.86603	0.86432	0.86379
14.9625	0.86746	0.86405	0.86339	0.8614