       200K    300K    400K    500K
0   	0   	0   	0   	0
0.0375	0   	0    	0   	0
0.1125	0   	0   	0   	0
0.1875	0   	0   	0   	0
0.2625	0   	0   	0   	0
0.3375	0   	0   	0   	0
0.4125	0   	0   	0   	0
0.4875	0   	0   	0   	0
0.5625	0   	0   	0   	0
0.6375	0   	0   	0   	0
0.7125	0   	0   	0   	0
0.7875	0   	0   	0   	0
0.8625	0   	0   	0   	0
0.9375	0   	0   	0   	0
1.0125	0   	0   	0   	0
1.0875	0   	0   	0   	0
1.1625	0   	0   	0   	0
1.2375	0   	0   	0   	0
1.3125	0   	0   	0   	0
1.3875	0   	0   	0   	0
1.4625	0   	0   	0   	0
1.5375	0   	0   	0   	0
1.6125	0   	0   	0   	0
1.6875	0   	0   	0   	0
1.7625	0   	0   	0   	0
1.8375	0   	0   	0   	0
1.9125	0   	0   	0   	0
1.9875	0   	0   	0	1.90E-5
2.0625	4.25E-6	1.37E-4	0.00115	0.00421
2.1375	0.00813	0.03738	0.09029	0.15771
2.2125	0.45448	0.74499	0.98073	1.13827
2.2875	3.2358	3.30244	3.1974	3.04679
2.3625	6.69526	5.82612	5.03646	4.4322
2.4375	6.91829	6.07493	5.19553	4.5366
2.5125	5.10485	4.85967	4.29502	3.8596
2.5875	3.39795	3.49186	3.23857	3.04607
2.6625	2.30296	2.48509	2.41274	2.36591
2.7375	1.67762	1.8433	1.86357	1.87949
2.8125	1.32978	1.46357	1.51711	1.55311
2.8875	1.15201	1.26141	1.31605	1.34855
2.9625	1.0688	1.16587	1.21334	1.2259
3.0375	1.05006	1.13369	1.161	1.15405
3.1125	1.07245	1.14548	1.15576	1.12863
3.1875	1.12067	1.17174	1.16746	1.12561
3.2625	1.19143	1.20124	1.19495	1.13757
3.3375	1.27488	1.23655	1.23468	1.16178
3.4125	1.35725	1.26877	1.27013	1.1898
3.4875	1.42774	1.29561	1.30857	1.2245
3.5625	1.47349	1.32317	1.33838	1.25339
3.6375	1.49725	1.34372	1.35701	1.28206
3.7125	1.50373	1.35979	1.36306	1.29826
3.7875	1.48799	1.36358	1.35848	1.30756
3.8625	1.45704	1.36417	1.34587	1.30277
3.9375	1.41618	1.3527	1.32673	1.29333
4.0125	1.37638	1.33254	1.30009	1.27327
4.0875	1.33257	1.30736	1.27077	1.24408
4.1625	1.28841	1.27724	1.2378	1.21867
4.2375	1.25382	1.24471	1.20677	1.19083
4.3125	1.22365	1.2098	1.17908	1.16395
4.3875	1.20003	1.1804	1.15735	1.14143
4.4625	1.18052	1.15835	1.13911	1.12937
4.5375	1.15882	1.14539	1.13057	1.11933
4.6125	1.14717	1.14023	1.12717	1.1159
4.6875	1.14501	1.14442	1.13045	1.11684
4.7625	1.14553	1.14843	1.12793	1.11899
4.8375	1.14464	1.14628	1.12034	1.11573
4.9125	1.13129	1.13757	1.11288	1.11252
4.9875	1.11807	1.1312	1.10896	1.10547
5.0625	1.11293	1.12953	1.10722	1.10403
5.1375	1.11983	1.13335	1.10835	1.1016
5.2125	1.12974	1.1358	1.11003	1.09829
5.2875	1.14199	1.13415	1.10988	1.09101
5.3625	1.14339	1.12664	1.10189	1.07999
5.4375	1.1278	1.11552	1.08785	1.06818
5.5125	1.09794	1.09644	1.06891	1.0531
5.5875	1.06128	1.072	1.04836	1.0322
5.6625	1.02222	1.04448	1.02357	1.01134
5.7375	0.98492	1.01646	0.99929	0.99343
5.8125	0.95143	0.98935	0.97702	0.97298
5.8875	0.92636	0.96478	0.95736	0.95569
5.9625	0.90535	0.9432	0.93928	0.94045
6.0375	0.88902	0.92631	0.92397	0.92716
6.1125	0.88001	0.91211	0.90973	0.91549
6.1875	0.87394	0.89976	0.89676	0.90402
6.2625	0.86645	0.88996	0.88939	0.89537
6.3375	0.85641	0.87866	0.88097	0.88781
6.4125	0.84251	0.86476	0.87363	0.87981
6.4875	0.82481	0.85165	0.86612	0.87264
6.5625	0.80901	0.83696	0.86395	0.86755
6.6375	0.79579	0.82205	0.85982	0.86344
6.7125	0.78561	0.81114	0.85713	0.85836
6.7875	0.78131	0.80241	0.85396	0.85447
6.8625	0.78067	0.79998	0.84986	0.85236
6.9375	0.78556	0.80213	0.84357	0.84957
7.0125	0.79255	0.80406	0.83803	0.84732
7.0875	0.79938	0.80644	0.83274	0.84625
7.1625	0.80579	0.80855	0.82945	0.84329
7.2375	0.81122	0.81181	0.82621	0.84339
7.3125	0.81337	0.81327	0.82417	0.84135
7.3875	0.8163	0.8163	0.82361	0.8409
7.4625	0.81766	0.81862	0.82599	0.84255
7.5375	0.81939	0.82025	0.82739	0.84146
7.6125	0.82077	0.82297	0.83038	0.8429
7.6875	0.82398	0.82762	0.83142	0.84294
7.7625	0.83002	0.83073	0.83553	0.84319
7.8375	0.83801	0.83543	0.83854	0.84614
7.9125	0.84359	0.84091	0.84172	0.84794
7.9875	0.84998	0.84571	0.84657	0.85034
8.0625	0.8538	0.85137	0.84997	0.85367
8.1375	0.85703	0.85916	0.85683	0.85759
8.2125	0.86186	0.86755	0.86187	0.86143
8.2875	0.8705	0.87812	0.86777	0.8664
8.3625	0.87937	0.8906	0.87519	0.87165
8.4375	0.89227	0.90228	0.88231	0.87645
8.5125	0.90601	0.91264	0.89008	0.88217
8.5875	0.9163	0.92175	0.89885	0.88692
8.6625	0.92702	0.92682	0.90599	0.89113
8.7375	0.93331	0.93105	0.91302	0.89497
8.8125	0.93476	0.9339	0.91937	0.89962
8.8875	0.93187	0.93721	0.9238	0.90164
8.9625	0.92998	0.9385	0.92621	0.90355
9.0375	0.92833	0.93726	0.92749	0.9051
9.1125	0.92947	0.93577	0.92722	0.90555
9.1875	0.92982	0.93148	0.92799	0.90606
9.2625	0.93002	0.92836	0.92661	0.9055
9.3375	0.92985	0.92307	0.92431	0.90688
9.4125	0.93161	0.91995	0.92307	0.90793
9.4875	0.93336	0.91744	0.92224	0.90982
9.5625	0.93453	0.91647	0.92251	0.91232
9.6375	0.93712	0.91851	0.92292	0.91519
9.7125	0.94025	0.92204	0.92348	0.91848
9.7875	0.94227	0.92855	0.92637	0.92346
9.8625	0.94404	0.93555	0.9297	0.92733
9.9375	0.94563	0.94359	0.9343	0.93159
10.0125	0.94688	0.9519	0.94052	0.93688
10.0875	0.95277	0.95914	0.94797	0.94191
10.1625	0.95881	0.96531	0.95418	0.94661
10.2375	0.96471	0.97083	0.95966	0.95294
10.3125	0.96917	0.97474	0.96722	0.95724
10.3875	0.97213	0.97831	0.97403	0.96387
10.4625	0.97756	0.98118	0.9807	0.9685
10.5375	0.98441	0.98241	0.98896	0.97541
10.6125	0.99476	0.98631	0.99539	0.98115
10.6875	1.00677	0.99035	1.00311	0.98825
10.7625	1.01884	0.99393	1.01009	0.99466
10.8375	1.02873	0.99992	1.01702	1.00051
10.9125	1.03538	1.00679	1.02458	1.00678
10.9875	1.03905	1.01297	1.03051	1.01263
11.0625	1.0395	1.02089	1.0365	1.0186
11.1375	1.04233	1.02956	1.04188	1.02322
11.2125	1.0449	1.03603	1.04477	1.02795
11.2875	1.04872	1.04253	1.04813	1.0319
11.3625	1.05506	1.04914	1.05122	1.03671
11.4375	1.05903	1.05461	1.05323	1.03961
11.5125	1.06072	1.0597	1.05501	1.04345
11.5875	1.06084	1.06324	1.05622	1.04671
11.6625	1.05966	1.06642	1.058	1.04975
11.7375	1.05655	1.06865	1.05952	1.0531
11.8125	1.05286	1.06692	1.06138	1.0553
11.8875	1.05012	1.0658	1.0622	1.05789
11.9625	1.04959	1.06346	1.06359	1.06005
12.0375	1.04922	1.06225	1.06468	1.06267
12.1125	1.04995	1.06235	1.06472	1.06455
12.1875	1.04948	1.06301	1.06419	1.06593
12.2625	1.04877	1.06453	1.06435	1.06638
12.3375	1.05003	1.06586	1.06353	1.06849
12.4125	1.05165	1.06783	1.06291	1.06822
12.4875	1.05379	1.06981	1.06359	1.06851
12.5625	1.05637	1.07062	1.06369	1.06915
12.6375	1.05668	1.07112	1.06521	1.06877
12.7125	1.05445	1.07272	1.06615	1.07003
12.7875	1.05271	1.07423	1.06841	1.07067
12.8625	1.05306	1.07691	1.07196	1.07134
12.9375	1.05625	1.08016	1.07498	1.07295
13.0125	1.06289	1.08421	1.07823	1.07525
13.0875	1.07212	1.0886	1.08167	1.07738
13.1625	1.08165	1.09216	1.08624	1.0787
13.2375	1.09121	1.09662	1.08869	1.08112
13.3125	1.10172	1.10009	1.09355	1.08405
13.3875	1.11226	1.10458	1.09677	1.08605
13.4625	1.12054	1.10815	1.10076	1.08885
13.5375	1.12676	1.1119	1.10408	1.09103
13.6125	1.1299	1.11576	1.10777	1.09383
13.6875	1.13195	1.11827	1.10984	1.0958
13.7625	1.13431	1.12026	1.11211	1.09756
13.8375	1.13934	1.12183	1.11382	1.09906
13.9125	1.14565	1.12311	1.11489	1.10061
13.9875	1.15191	1.12422	1.11623	1.09995
14.0625	1.15514	1.12365	1.11694	1.10087
14.1375	1.1559	1.12459	1.11771	1.0998
14.2125	1.15334	1.12322	1.11699	1.09949
14.2875	1.14867	1.12237	1.11627	1.0976
14.3625	1.14412	1.12203	1.11547	1.09625
14.4375	1.14027	1.12171	1.11346	1.09444
14.5125	1.13652	1.12062	1.11155	1.09312
14.5875	1.13425	1.12007	1.10866	1.09187
14.6625	1.13104	1.11793	1.10701	1.08862
14.7375	1.12889	1.11574	1.10371	1.08741
14.8125	1.12632	1.11238	1.10042	1.08565
14.8875	1.12247	1.10893	1.09688	1.08394
14.9625	1.12009	1.10515	1.09231	1.08219