               200K        300K        400K         500K
0       	0       	0       	0       	0
0.0375    	0         	0       	0          	0
0.1125	0            	0             	0            	0
0.1875	0          	0           	0          	0
0.2625	0          	0          	0         	0
0.3375	0           	0          	0          	0
0.4125	0          	0           	0            	0
0.4875	0         	0           	0         	0
0.5625	0        	0        	0           	0
0.6375	0       	0           	0         	0
0.7125	0        	0          	0          	0
0.7875	0           	0           	0          	0
0.8625	0        	0            	0          	0
0.9375	0        	0         	0         	0
1.0125	0         	0          	0        	0
1.0875	0          	0          	0           	0
1.1625	0         	0           	0	        0
1.2375	0            	0           	0          	0
1.3125	0        	0            	0         	0
1.3875	0         	0         	0        	0
1.4625	0         	0         	0        	0
1.5375	0         	0       	0        	0
1.6125	0          	0          	0        	0
1.6875	0         	0       	0        	0
1.7625	0         	0          	0         	0
1.8375	0       	0          	0         	0
1.9125	0       	0         	0        	0
1.9875	0        	0          	0            	0
2.0625	0       	3.73E-5	1.51E-4	5.75E-4
2.1375	0.00141	0.00274	0.0053	0.00992
2.2125	0.03968	0.04842	0.05808	0.06048
2.2875	0.21878	0.25264	0.20577	0.16412
2.3625	0.5232	0.58512	0.39775	0.28162
2.4375	0.75793	0.86169	0.52437	0.36586
2.5125	0.80712	0.92684	0.55146	0.39295
2.5875	0.75835	0.81692	0.51641	0.39641
2.6625	0.65954	0.65093	0.45923	0.37133
2.7375	0.55411	0.50104	0.39582	0.34641
2.8125	0.4521	0.39735	0.35069	0.31025
2.8875	0.37867	0.3344	0.30968	0.29405
2.9625	0.33493	0.30328	0.28223	0.26769
3.0375	0.30029	0.27941	0.26402	0.24999
3.1125	0.27812	0.27115	0.25519	0.22996
3.1875	0.26238	0.25521	0.24575	0.22416
3.2625	0.24263	0.2498	0.24037	0.21489
3.3375	0.23668	0.26091	0.24263	0.21345
3.4125	0.23886	0.275	0.24222	0.20927
3.4875	0.26501	0.28352	0.25403	0.20798
3.5625	0.28801	0.29813	0.25112	0.21295
3.6375	0.31881	0.30489	0.25694	0.21417
3.7125	0.34582	0.30334	0.26123	0.21614
3.7875	0.36311	0.30725	0.26542	0.21457
3.8625	0.35594	0.30061	0.27005	0.21887
3.9375	0.34504	0.29687	0.27479	0.22079
4.0125	0.32985	0.29461	0.28143	0.22526
4.0875	0.33288	0.28858	0.29194	0.2306
4.1625	0.33985	0.2824	0.30318	0.23418
4.2375	0.35505	0.2874	0.31199	0.24753
4.3125	0.36926	0.29316	0.32362	0.25973
4.3875	0.37917	0.30284	0.33564	0.27706
4.4625	0.3818	0.32165	0.34388	0.29635
4.5375	0.39082	0.3409	0.35184	0.31296
4.6125	0.38766	0.35991	0.36173	0.33098
4.6875	0.39123	0.37514	0.38147	0.35276
4.7625	0.39219	0.39107	0.39989	0.367
4.8375	0.40853	0.40161	0.41542	0.38116
4.9125	0.42332	0.41478	0.42609	0.39507
4.9875	0.44077	0.43191	0.43863	0.40433
5.0625	0.46921	0.46442	0.44232	0.41597
5.1375	0.49246	0.48812	0.44408	0.43088
5.2125	0.52321	0.50873	0.45171	0.4424
5.2875	0.55191	0.52512	0.46479	0.4567
5.3625	0.58104	0.53283	0.48193	0.46709
5.4375	0.60342	0.55314	0.50335	0.47327
5.5125	0.62515	0.56415	0.52323	0.47256
5.5875	0.65327	0.5821	0.5399	0.47614
5.6625	0.67232	0.59728	0.55154	0.47711
5.7375	0.67846	0.61261	0.55921	0.47471
5.8125	0.66998	0.62054	0.56647	0.47799
5.8875	0.65282	0.62822	0.56977	0.4788
5.9625	0.64305	0.63083	0.57188	0.48255
6.0375	0.64348	0.63484	0.58531	0.48895
6.1125	0.63931	0.63586	0.58591	0.50227
6.1875	0.63067	0.64464	0.5911	0.51285
6.2625	0.62759	0.64941	0.59938	0.52293
6.3375	0.62728	0.65364	0.60302	0.53604
6.4125	0.64498	0.66123	0.6103	0.54939
6.4875	0.68762	0.66876	0.614	0.5597
6.5625	0.72718	0.68206	0.61903	0.56817
6.6375	0.7529	0.68871	0.62538	0.57651
6.7125	0.76062	0.69542	0.63638	0.58248
6.7875	0.7581	0.69877	0.63936	0.58641
6.8625	0.74441	0.69792	0.64701	0.59261
6.9375	0.73	0.6909	0.65272	0.59445
7.0125	0.71592	0.68263	0.66233	0.59816
7.0875	0.70418	0.67331	0.66031	0.60395
7.1625	0.6935	0.67012	0.66821	0.6088
7.2375	0.69207	0.67359	0.67216	0.61072
7.3125	0.69491	0.6786	0.67711	0.61453
7.3875	0.69748	0.68872	0.68047	0.62045
7.4625	0.70237	0.69923	0.69093	0.62619
7.5375	0.70982	0.70757	0.70607	0.63121
7.6125	0.72009	0.71408	0.71738	0.63635
7.6875	0.73658	0.72236	0.72623	0.64558
7.7625	0.75078	0.72691	0.73896	0.65347
7.8375	0.75832	0.73569	0.7427	0.66267
7.9125	0.7576	0.74713	0.74815	0.66929
7.9875	0.76176	0.75734	0.75097	0.67677
8.0625	0.77441	0.77716	0.74933	0.68097
8.1375	0.78044	0.78405	0.74768	0.68491
8.2125	0.7767	0.79388	0.74636	0.69007
8.2875	0.76879	0.79612	0.74099	0.69296
8.3625	0.75802	0.79481	0.73408	0.69672
8.4375	0.75853	0.79666	0.73074	0.69878
8.5125	0.76027	0.79306	0.72424	0.69955
8.5875	0.76768	0.79273	0.71739	0.70148
8.6625	0.76811	0.78935	0.71714	0.69935
8.7375	0.76919	0.78531	0.71785	0.70112
8.8125	0.76747	0.77715	0.7242	0.69976
8.8875	0.77596	0.77128	0.73178	0.70168
8.9625	0.78306	0.76155	0.73896	0.70486
9.0375	0.78755	0.75696	0.75488	0.70705
9.1125	0.78537	0.75125	0.768	0.71065
9.1875	0.7782	0.7501	0.7721	0.71676
9.2625	0.77261	0.74536	0.77572	0.71946
9.3375	0.76609	0.74775	0.77291	0.72652
9.4125	0.76617	0.7475	0.76758	0.72879
9.4875	0.77449	0.74947	0.76209	0.73118
9.5625	0.7879	0.74887	0.75388	0.73191
9.6375	0.80407	0.74757	0.74475	0.73417
9.7125	0.8219	0.75023	0.7461	0.73482
9.7875	0.83341	0.75571	0.74639	0.73561
9.8625	0.84013	0.76371	0.75185	0.73934
9.9375	0.83915	0.77733	0.7586	0.74166
10.0125	0.83421	0.79018	0.76361	0.74251
10.0875	0.83007	0.80587	0.77179	0.74552
10.1625	0.82745	0.81859	0.77725	0.74887
10.2375	0.82846	0.83333	0.78766	0.75203
10.3125	0.82929	0.84041	0.79647	0.75543
10.3875	0.82599	0.84366	0.80506	0.75956
10.4625	0.82189	0.84801	0.81795	0.76465
10.5375	0.81394	0.8449	0.82757	0.77203
10.6125	0.80779	0.84321	0.83856	0.77976
10.6875	0.81051	0.84122	0.84801	0.78441
10.7625	0.825	0.84176	0.85395	0.79199
10.8375	0.84524	0.84206	0.86239	0.796
10.9125	0.86414	0.84136	0.86462	0.79704
10.9875	0.88169	0.84154	0.86518	0.79922
11.0625	0.88923	0.83697	0.86256	0.79818
11.1375	0.88693	0.8327	0.86037	0.79784
11.2125	0.87552	0.83062	0.85704	0.80041
11.2875	0.85818	0.82957	0.85042	0.80501
11.3625	0.83813	0.83087	0.84672	0.80807
11.4375	0.82588	0.83505	0.84159	0.81396
11.5125	0.82069	0.83944	0.84114	0.82011
11.5875	0.82138	0.84312	0.83754	0.82612
11.6625	0.82672	0.8445	0.8337	0.83003
11.7375	0.84324	0.84634	0.83132	0.83344
11.8125	0.86005	0.84451	0.83287	0.83688
11.8875	0.87563	0.84295	0.8315	0.84115
11.9625	0.88786	0.84567	0.83348	0.8444
12.0375	0.89124	0.84582	0.83567	0.844
12.1125	0.89058	0.84887	0.84172	0.84859
12.1875	0.88706	0.85343	0.8507	0.84803
12.2625	0.87616	0.8588	0.85838	0.85043
12.3375	0.86438	0.86268	0.86826	0.8525
12.4125	0.85418	0.86438	0.87117	0.8533
12.4875	0.85265	0.8661	0.87766	0.85459
12.5625	0.85836	0.86646	0.8829	0.85507
12.6375	0.86589	0.87	0.88452	0.85638
12.7125	0.86568	0.87136	0.88911	0.85526
12.7875	0.86869	0.8745	0.89099	0.85583
12.8625	0.8706	0.87923	0.89342	0.85467
12.9375	0.87745	0.88266	0.89496	0.85573
13.0125	0.8902	0.89143	0.8964	0.85612
13.0875	0.90433	0.89655	0.89744	0.85977
13.1625	0.91867	0.90371	0.89885	0.86054
13.2375	0.92309	0.91439	0.8976	0.86186
13.3125	0.92727	0.92276	0.90197	0.86339
13.3875	0.92581	0.93068	0.90312	0.86497
13.4625	0.91886	0.93157	0.90355	0.868
13.5375	0.91077	0.93177	0.90363	0.87005
13.6125	0.89761	0.92703	0.90373	0.87216
13.6875	0.88378	0.91918	0.90233	0.87496
13.7625	0.87489	0.90762	0.90195	0.87885
13.8375	0.87298	0.8984	0.89693	0.88159
13.9125	0.87371	0.88794	0.89407	0.884
13.9875	0.87828	0.88204	0.89298	0.88579
14.0625	0.88499	0.87741	0.8872	0.8866
14.1375	0.89132	0.87444	0.88425	0.88805
14.2125	0.89773	0.87379	0.88148	0.88673
14.2875	0.89958	0.87494	0.87909	0.88712
14.3625	0.90012	0.87901	0.87923	0.88745
14.4375	0.90016	0.88305	0.88029	0.88882
14.5125	0.90475	0.89213	0.88505	0.89175
14.5875	0.91471	0.89977	0.88901	0.89274
14.6625	0.92812	0.90404	0.89572	0.89684
14.7375	0.94152	0.90338	0.90226	0.89955
14.8125	0.94692	0.90692	0.90671	0.9036
14.8875	0.94723	0.90507	0.91243	0.90829
14.9625	0.94405	0.90567	0.91688	0.91008