               200K        300K        400K         500K
0	        0       	0       	0       	0
0.0375	0       	0       	0       	0
0.1125	0       	0       	0       	0
0.1875	0       	0       	0       	0
0.2625	0       	0        	0       	0
0.3375	0          	0             	0             	0
0.4125	0              	0       	0       	0
0.4875	0        	0           	0       	0
0.5625	0        	0        	0       	0
0.6375	0          	0       	0       	0
0.7125	0          	0       	0       	0
0.7875	0           	0       	0       	0
0.8625	0           	0       	0       	0
0.9375	0          	0       	0       	0
1.0125	0          	0       	0       	0
1.0875	0             	0       	0       	0
1.1625	0            	0       	0       	0
1.2375	0        	0       	0       	0
1.3125	0         	0       	0       	0
1.3875	0         	0       	0       	0
1.4625	0        	0       	0       	0
1.5375	0          	0       	0       	0
1.6125	0             	0       	0       	0
1.6875	0          	0       	0       	0
1.7625	0         	0       	0       	0
1.8375	0          	0       	0       	0
1.9125	0           	0       	0       	0
1.9875	0       	0       	0	1.42773E-5
2.0625	0      	1.54845E-4	0.00114	0.00439
2.1375	0.00895	0.03651	0.09164	0.15607
2.2125	0.47719	0.72144	0.9858	1.12811
2.2875	3.20142	3.17381	3.20696	3.01085
2.3625	6.44567	5.5749	5.00203	4.35941
2.4375	6.6362	5.75295	5.11745	4.46702
2.5125	4.9622	4.54611	4.2263	3.79946
2.5875	3.31654	3.24477	3.18989	2.99445
2.6625	2.2245	2.30938	2.38804	2.33048
2.7375	1.60401	1.7339	1.8425	1.85017
2.8125	1.2735	1.4007	1.49968	1.5404
2.8875	1.11704	1.22339	1.29993	1.34571
2.9625	1.0548	1.14348	1.19288	1.22889
3.0375	1.06025	1.11739	1.13904	1.17163
3.1125	1.09285	1.13424	1.1349	1.1466
3.1875	1.14719	1.16648	1.14927	1.14868
3.2625	1.20117	1.20886	1.17905	1.16266
3.3375	1.25632	1.25232	1.21628	1.18493
3.4125	1.31752	1.29433	1.2488	1.212
3.4875	1.37558	1.33715	1.28087	1.2361
3.5625	1.42511	1.37529	1.30709	1.25692
3.6375	1.46052	1.4031	1.32477	1.27546
3.7125	1.481	1.42621	1.33975	1.28472
3.7875	1.48573	1.43947	1.34518	1.28151
3.8625	1.48063	1.44059	1.34467	1.27262
3.9375	1.46518	1.43067	1.33358	1.25303
4.0125	1.43502	1.40683	1.31309	1.22971
4.0875	1.38548	1.36822	1.28472	1.20402
4.1625	1.33269	1.32405	1.25142	1.17664
4.2375	1.28076	1.27939	1.21618	1.1501
4.3125	1.23881	1.24261	1.18343	1.12609
4.3875	1.20337	1.21252	1.15309	1.10834
4.4625	1.17324	1.19091	1.13422	1.09594
4.5375	1.14658	1.17459	1.12423	1.08882
4.6125	1.12763	1.16731	1.12406	1.08894
4.6875	1.11897	1.1629	1.12806	1.09679
4.7625	1.11261	1.15177	1.13284	1.09971
4.8375	1.10162	1.13403	1.13302	1.10005
4.9125	1.08939	1.1119	1.12702	1.09919
4.9875	1.08942	1.0938	1.12284	1.09591
5.0625	1.09752	1.08457	1.12294	1.09569
5.1375	1.10651	1.08184	1.12429	1.09403
5.2125	1.11157	1.0873	1.1244	1.09265
5.2875	1.114	1.0895	1.12302	1.08625
5.3625	1.11093	1.08845	1.11678	1.08034
5.4375	1.10232	1.08121	1.10314	1.07043
5.5125	1.08811	1.06809	1.08367	1.05516
5.5875	1.06985	1.05191	1.06105	1.03817
5.6625	1.05005	1.0307	1.03457	1.01932
5.7375	1.03149	1.00846	1.00925	1.00145
5.8125	1.01313	0.98501	0.98502	0.98006
5.8875	0.99122	0.96113	0.96003	0.96053
5.9625	0.96348	0.94182	0.94017	0.94214
6.0375	0.93421	0.92323	0.92453	0.92714
6.1125	0.90546	0.9077	0.90766	0.91293
6.1875	0.88637	0.89339	0.89266	0.90186
6.2625	0.87036	0.87758	0.88216	0.8909
6.3375	0.85633	0.86573	0.87251	0.88522
6.4125	0.84437	0.85602	0.86398	0.88025
6.4875	0.83095	0.8503	0.85868	0.87602
6.5625	0.82114	0.8459	0.85394	0.87342
6.6375	0.81328	0.84286	0.85008	0.87253
6.7125	0.81038	0.83685	0.84812	0.87186
6.7875	0.80972	0.8321	0.84389	0.86856
6.8625	0.80911	0.82821	0.84135	0.86679
6.9375	0.81092	0.82409	0.8348	0.86457
7.0125	0.80939	0.82242	0.83127	0.86074
7.0875	0.80857	0.82124	0.82771	0.857
7.1625	0.80883	0.82291	0.82509	0.85312
7.2375	0.8076	0.82417	0.82598	0.85021
7.3125	0.80735	0.82679	0.82673	0.84634
7.3875	0.80611	0.82939	0.83025	0.84351
7.4625	0.80879	0.83258	0.83253	0.84139
7.5375	0.81205	0.83508	0.83424	0.84041
7.6125	0.81846	0.8376	0.83759	0.83971
7.6875	0.82453	0.83893	0.83954	0.83987
7.7625	0.83094	0.84153	0.84309	0.84051
7.8375	0.83664	0.8463	0.84441	0.84173
7.9125	0.84215	0.851	0.8488	0.84472
7.9875	0.84691	0.8575	0.85325	0.84622
8.0625	0.8513	0.86275	0.85799	0.85043
8.1375	0.8561	0.86949	0.86303	0.85364
8.2125	0.86204	0.87647	0.87032	0.85783
8.2875	0.87074	0.88249	0.87777	0.86255
8.3625	0.87918	0.89109	0.88626	0.86789
8.4375	0.88612	0.9011	0.89339	0.87171
8.5125	0.89223	0.90953	0.89951	0.87809
8.5875	0.89956	0.91688	0.90569	0.88259
8.6625	0.90788	0.92331	0.91158	0.88815
8.7375	0.91937	0.92727	0.91624	0.89184
8.8125	0.93166	0.93025	0.91939	0.89522
8.8875	0.93992	0.93257	0.92289	0.8983
8.9625	0.9426	0.93233	0.92451	0.9004
9.0375	0.94166	0.93143	0.92463	0.90317
9.1125	0.93874	0.92796	0.92382	0.90461
9.1875	0.93228	0.92276	0.92313	0.90713
9.2625	0.92447	0.91698	0.92222	0.90867
9.3375	0.9182	0.91521	0.92217	0.91166
9.4125	0.91445	0.91403	0.9223	0.9168
9.4875	0.91325	0.91612	0.92466	0.91882
9.5625	0.9163	0.92081	0.92809	0.92419
9.6375	0.92346	0.92821	0.93085	0.92795
9.7125	0.93007	0.93545	0.93539	0.93171
9.7875	0.93635	0.94292	0.94027	0.93559
9.8625	0.94405	0.95035	0.94404	0.93857
9.9375	0.95177	0.95514	0.95097	0.94131
10.0125	0.96078	0.96027	0.95511	0.94561
10.0875	0.97002	0.96335	0.96161	0.94841
10.1625	0.97584	0.96799	0.96784	0.95149
10.2375	0.97894	0.97186	0.97459	0.9556
10.3125	0.98016	0.97841	0.97984	0.95897
10.3875	0.98161	0.98426	0.98413	0.96358
10.4625	0.98464	0.99127	0.98807	0.96894
10.5375	0.98961	0.99872	0.99217	0.9735
10.6125	0.99549	1.00617	0.99678	0.97862
10.6875	1.00491	1.01378	0.99901	0.98384
10.7625	1.01211	1.02094	1.00337	0.98984
10.8375	1.01883	1.02763	1.00801	0.99649
10.9125	1.02294	1.03437	1.01287	1.00314
10.9875	1.02908	1.04004	1.01883	1.0084
11.0625	1.03511	1.04569	1.02473	1.01471
11.1375	1.04054	1.05084	1.03114	1.02189
11.2125	1.0478	1.05431	1.03645	1.02794
11.2875	1.05397	1.05725	1.04136	1.03374
11.3625	1.05989	1.06035	1.04518	1.03975
11.4375	1.06315	1.06322	1.04979	1.04486
11.5125	1.06602	1.06547	1.05304	1.04835
11.5875	1.06618	1.06703	1.05575	1.05178
11.6625	1.06276	1.06874	1.05872	1.05478
11.7375	1.05844	1.06959	1.0624	1.05634
11.8125	1.05529	1.07003	1.06413	1.05823
11.8875	1.0528	1.07003	1.06614	1.05891
11.9625	1.05383	1.06937	1.06803	1.05949
12.0375	1.05722	1.06946	1.06869	1.06021
12.1125	1.06382	1.06948	1.07072	1.06084
12.1875	1.07007	1.06988	1.07126	1.0611
12.2625	1.07369	1.07014	1.07168	1.06137
12.3375	1.07389	1.06868	1.07209	1.06261
12.4125	1.07256	1.0671	1.07147	1.06347
12.4875	1.06907	1.06578	1.07132	1.06421
12.5625	1.06591	1.06445	1.07109	1.06512
12.6375	1.0628	1.06479	1.07096	1.06615
12.7125	1.06035	1.06572	1.07119	1.06675
12.7875	1.06129	1.06801	1.07264	1.06858
12.8625	1.06424	1.07128	1.07366	1.07019
12.9375	1.07111	1.07488	1.07651	1.07188
13.0125	1.0798	1.07744	1.07822	1.07415
13.0875	1.09176	1.08098	1.08121	1.07592
13.1625	1.10222	1.0839	1.08392	1.07774
13.2375	1.10942	1.08662	1.08793	1.0805
13.3125	1.11364	1.09011	1.09086	1.08255
13.3875	1.11651	1.09389	1.09391	1.0854
13.4625	1.11739	1.09765	1.09786	1.08702
13.5375	1.11796	1.10245	1.10114	1.08991
13.6125	1.11709	1.1071	1.10426	1.09214
13.6875	1.11634	1.11288	1.10755	1.09388
13.7625	1.11608	1.11604	1.11	1.09445
13.8375	1.11625	1.11984	1.11153	1.09543
13.9125	1.11709	1.12148	1.11279	1.09584
13.9875	1.11841	1.12211	1.11344	1.09585
14.0625	1.11944	1.12184	1.11341	1.09606
14.1375	1.11994	1.12087	1.11377	1.0952
14.2125	1.12115	1.12042	1.11208	1.09396
14.2875	1.12355	1.11933	1.11147	1.0921
14.3625	1.12501	1.1183	1.11004	1.08981
14.4375	1.12652	1.11687	1.10855	1.08761
14.5125	1.12673	1.11496	1.10647	1.08584
14.5875	1.12536	1.11336	1.1043	1.08282
14.6625	1.12292	1.11099	1.1023	1.08006
14.7375	1.11999	1.1084	1.0996	1.07785
14.8125	1.11627	1.10638	1.0965	1.07535
14.8875	1.11267	1.10356	1.09376	1.07354
14.9625	1.10989	1.10089	1.09076	1.07117