0       	0       	0       	0       	0
0.0375	0       	0       	0       	0
0.1125	0       	0       	0       	0
0.1875	0       	0       	0       	0
0.2625	0       	0       	0       	0
0.3375	0       	0       	0       	0
0.4125	0        	0       	0       	0
0.4875	0       	0              0       	0
0.5625	0       	0       	0       	0
0.6375	0       	0       	0              0
0.7125	0       	0       	0       	0
0.7875	0       	0       	0       	0
0.8625	0       	0       	0       	0
0.9375	0       	0       	0       	0
1.0125	0       	0       	0       	0
1.0875	0       	0       	0       	0
1.1625	0       	0       	0       	0
1.2375	0       	0       	0       	0
1.3125	0       	0       	0       	0
1.3875	0       	0       	0       	0
1.4625	0       	0       	0       	0
1.5375	0         	0        	0           	0
1.6125	0        	0           	0         	0
1.6875	0          	0          	0         	0
1.7625	0         	0         	0            	0
1.8375	0             	0        	0            	0
1.9125	0          	0         	0        	0
1.9875	0          	0           	0	       4.75E-6
2.0625	8.47E-6	2.32E-4	0.00126	0.00397
2.1375	0.00833	0.0374	0.09472	0.14679
2.2125	0.44102	0.74715	1.01056	1.0721
2.2875	3.0676	3.22698	3.25988	2.87805
2.3625	6.37439	5.56317	5.06597	4.21162
2.4375	6.70059	5.67989	5.17547	4.35301
2.5125	5.0363	4.47962	4.25667	3.73974
2.5875	3.38067	3.20009	3.20781	2.97558
2.6625	2.28147	2.29213	2.39383	2.32082
2.7375	1.65864	1.72231	1.84418	1.85879
2.8125	1.31913	1.38916	1.50662	1.55371
2.8875	1.1545	1.20205	1.3066	1.35453
2.9625	1.08596	1.11105	1.20444	1.23602
3.0375	1.07082	1.08411	1.15373	1.17614
3.1125	1.08952	1.09296	1.14328	1.15064
3.1875	1.132	1.1224	1.15108	1.14601
3.2625	1.1811	1.16647	1.17348	1.15548
3.3375	1.23753	1.21464	1.20112	1.17772
3.4125	1.29945	1.26952	1.23746	1.19639
3.4875	1.36086	1.31818	1.27102	1.21559
3.5625	1.42342	1.36085	1.29936	1.23191
3.6375	1.46665	1.39682	1.32604	1.24572
3.7125	1.49975	1.4254	1.34258	1.2498
3.7875	1.51703	1.44017	1.34813	1.25358
3.8625	1.51109	1.44024	1.34098	1.24793
3.9375	1.47944	1.42312	1.32403	1.23615
4.0125	1.42663	1.39771	1.29849	1.22035
4.0875	1.36805	1.36126	1.26776	1.19425
4.1625	1.31897	1.31983	1.23246	1.17164
4.2375	1.28426	1.27622	1.19782	1.14513
4.3125	1.26218	1.23555	1.16795	1.12378
4.3875	1.24462	1.19743	1.14802	1.10398
4.4625	1.22508	1.1651	1.134	1.09218
4.5375	1.21348	1.14363	1.12435	1.08662
4.6125	1.20338	1.1305	1.12315	1.0857
4.6875	1.19769	1.12751	1.12536	1.08857
4.7625	1.17955	1.12319	1.12566	1.09245
4.8375	1.15889	1.11396	1.12272	1.09434
4.9125	1.14002	1.10465	1.11858	1.09359
4.9875	1.12519	1.09941	1.11398	1.09152
5.0625	1.11538	1.09753	1.10947	1.08908
5.1375	1.10837	1.10266	1.11068	1.08685
5.2125	1.09967	1.103	1.10822	1.08267
5.2875	1.09419	1.10439	1.10834	1.07473
5.3625	1.08619	1.10174	1.10087	1.06725
5.4375	1.0749	1.09057	1.09219	1.0537
5.5125	1.05898	1.07678	1.07581	1.03503
5.5875	1.03953	1.05736	1.05721	1.0175
5.6625	1.01713	1.03524	1.03417	0.99589
5.7375	0.99146	1.00894	1.01035	0.97354
5.8125	0.97032	0.97959	0.98547	0.95383
5.8875	0.94669	0.95701	0.96208	0.93614
5.9625	0.92369	0.9314	0.94116	0.91901
6.0375	0.8997	0.90909	0.92244	0.9051
6.1125	0.87641	0.88998	0.90406	0.89299
6.1875	0.85409	0.87425	0.88849	0.8836
6.2625	0.83878	0.8569	0.87435	0.876
6.3375	0.82471	0.84533	0.86197	0.87055
6.4125	0.81167	0.83469	0.85088	0.86601
6.4875	0.80168	0.82497	0.84127	0.86263
6.5625	0.79202	0.81836	0.83318	0.86056
6.6375	0.79134	0.81401	0.82638	0.85805
6.7125	0.79498	0.81006	0.82136	0.85653
6.7875	0.80054	0.80813	0.81884	0.85522
6.8625	0.8055	0.80418	0.81505	0.8526
6.9375	0.80586	0.80155	0.813	0.84947
7.0125	0.80701	0.79884	0.81156	0.84686
7.0875	0.80618	0.79695	0.80984	0.84435
7.1625	0.80718	0.79833	0.80961	0.84205
7.2375	0.80552	0.8	0.81071	0.83949
7.3125	0.80601	0.80352	0.81155	0.83772
7.3875	0.80655	0.80735	0.8128	0.83741
7.4625	0.80488	0.8126	0.81519	0.83681
7.5375	0.80589	0.81694	0.81788	0.83716
7.6125	0.80899	0.82309	0.82225	0.83851
7.6875	0.81532	0.82939	0.82561	0.84003
7.7625	0.82369	0.83557	0.83018	0.84201
7.8375	0.83248	0.84274	0.83544	0.84522
7.9125	0.8378	0.84887	0.84157	0.84847
7.9875	0.8421	0.8579	0.84822	0.8506
8.0625	0.84639	0.86451	0.85512	0.85459
8.1375	0.84926	0.87363	0.8628	0.85694
8.2125	0.85709	0.88115	0.87102	0.86186
8.2875	0.86548	0.89007	0.8803	0.86635
8.3625	0.87625	0.90035	0.88919	0.87059
8.4375	0.88676	0.90974	0.89764	0.8761
8.5125	0.89658	0.9187	0.90761	0.88143
8.5875	0.90712	0.92665	0.91537	0.88617
8.6625	0.91764	0.93341	0.92069	0.8904
8.7375	0.92595	0.93888	0.9248	0.89409
8.8125	0.93149	0.94271	0.92842	0.89636
8.8875	0.93607	0.9459	0.92972	0.89868
8.9625	0.93809	0.94578	0.92974	0.90063
9.0375	0.93897	0.94449	0.92936	0.90098
9.1125	0.93913	0.94166	0.92834	0.90271
9.1875	0.93879	0.93943	0.92778	0.90302
9.2625	0.9387	0.93617	0.92727	0.90597
9.3375	0.93808	0.93508	0.92794	0.90724
9.4125	0.93884	0.93542	0.92879	0.91029
9.4875	0.94037	0.93699	0.92959	0.91309
9.5625	0.94429	0.94113	0.93079	0.91634
9.6375	0.94831	0.94643	0.93328	0.91986
9.7125	0.95581	0.95253	0.93651	0.92423
9.7875	0.96311	0.95823	0.94041	0.929
9.8625	0.96944	0.96229	0.94592	0.93282
9.9375	0.97475	0.96638	0.95081	0.93883
10.0125	0.97778	0.96962	0.95689	0.94408
10.0875	0.97866	0.97223	0.96298	0.94858
10.1625	0.97915	0.97514	0.96832	0.95382
10.2375	0.98082	0.97933	0.97368	0.95809
10.3125	0.98364	0.98305	0.97925	0.96279
10.3875	0.98816	0.98835	0.98453	0.96825
10.4625	0.99504	0.99454	0.98964	0.97383
10.5375	0.99941	1.00212	0.99561	0.97995
10.6125	1.00431	1.0088	1.00138	0.98589
10.6875	1.00987	1.01766	1.00767	0.99405
10.7625	1.01372	1.02579	1.01348	1.00149
10.8375	1.01994	1.03441	1.02036	1.00786
10.9125	1.02748	1.04074	1.02601	1.01419
10.9875	1.03519	1.04678	1.03233	1.02023
11.0625	1.04187	1.05102	1.03805	1.02729
11.1375	1.04815	1.05416	1.04463	1.03282
11.2125	1.0524	1.05629	1.05057	1.0374
11.2875	1.05797	1.05874	1.05671	1.04323
11.3625	1.06378	1.06101	1.06149	1.04617
11.4375	1.07034	1.06233	1.06613	1.0481
11.5125	1.0749	1.06463	1.06888	1.05203
11.5875	1.07748	1.0662	1.07053	1.05344
11.6625	1.07718	1.06924	1.07116	1.05529
11.7375	1.07306	1.07007	1.07147	1.05743
11.8125	1.06785	1.07055	1.07163	1.05823
11.8875	1.06443	1.07126	1.07171	1.05966
11.9625	1.06244	1.07088	1.07071	1.05865
12.0375	1.06312	1.07051	1.0706	1.05957
12.1125	1.06361	1.06976	1.07067	1.05991
12.1875	1.06573	1.06975	1.07056	1.05925
12.2625	1.06723	1.06818	1.06907	1.05797
12.3375	1.06692	1.06721	1.06831	1.05771
12.4125	1.06579	1.06653	1.06714	1.05757
12.4875	1.0679	1.06448	1.06609	1.05644
12.5625	1.07026	1.06236	1.06551	1.05718
12.6375	1.07152	1.06206	1.0663	1.0569
12.7125	1.0723	1.06131	1.06751	1.05715
12.7875	1.07086	1.06295	1.06958	1.05807
12.8625	1.07011	1.06481	1.07241	1.05875
12.9375	1.07128	1.06943	1.07496	1.06013
13.0125	1.07349	1.07445	1.07772	1.06182
13.0875	1.07896	1.08066	1.08108	1.06463
13.1625	1.08442	1.08556	1.08414	1.06734
13.2375	1.09052	1.09176	1.08681	1.07013
13.3125	1.09852	1.09664	1.09006	1.07257
13.3875	1.10668	1.09929	1.09246	1.07579
13.4625	1.1151	1.10335	1.09484	1.07874
13.5375	1.12315	1.10754	1.09671	1.081
13.6125	1.13062	1.1106	1.09862	1.08342
13.6875	1.13746	1.11254	1.10084	1.08666
13.7625	1.14158	1.1143	1.10208	1.0886
13.8375	1.14373	1.11398	1.10374	1.09132
13.9125	1.14385	1.11323	1.10504	1.09293
13.9875	1.14361	1.11063	1.10598	1.09449
14.0625	1.14096	1.1085	1.10572	1.09486
14.1375	1.13833	1.10753	1.1063	1.09499
14.2125	1.13709	1.10713	1.10616	1.09486
14.2875	1.13656	1.10675	1.10502	1.09437
14.3625	1.13472	1.10749	1.10387	1.09307
14.4375	1.13248	1.10709	1.10252	1.09086
14.5125	1.12792	1.10706	1.09976	1.08865
14.5875	1.1229	1.10628	1.09658	1.08619
14.6625	1.11552	1.10533	1.09405	1.08257
14.7375	1.11158	1.10428	1.09183	1.07915
14.8125	1.10879	1.10347	1.08948	1.07644
14.8875	1.1076	1.10189	1.08724	1.07302
14.9625	1.10583	1.10074	1.08442	1.06952